step,reward,mean,median,std,max,min
0,5.733333333333333,5.733333333333333,5.733333333333333,0.0,5.733333333333333,5.733333333333333
1,5.733333333333333,5.733333333333333,5.733333333333333,0.0,5.733333333333333,5.733333333333333
2,5.733333333333333,5.733333333333333,5.733333333333333,0.0,5.733333333333333,5.733333333333333
3,5.733333333333333,5.733333333333333,5.733333333333333,0.0,5.733333333333333,5.733333333333333
4,5.733333333333333,5.733333333333333,5.733333333333333,0.0,5.733333333333333,5.733333333333333
5,-1.0,4.611111111111112,5.733333333333333,2.5093651747497643,5.733333333333333,-1.0
6,5.733333333333333,4.771428571428571,5.733333333333333,2.3561758478200097,5.733333333333333,-1.0
7,-1.0,4.05,5.733333333333333,2.91561885940761,5.733333333333333,-1.0
8,-1.0,3.488888888888889,5.733333333333333,3.17412377332628,5.733333333333333,-1.0
9,-1.0,3.04,5.733333333333333,3.298646186948013,5.733333333333333,-1.0
10,-1.0,2.6727272727272724,5.733333333333333,3.3527259580619257,5.733333333333333,-1.0
11,5.733333333333333,2.9277777777777776,5.733333333333333,3.319578100517007,5.733333333333333,-1.0
12,-1.0,2.6256410256410256,5.733333333333333,3.35669133609843,5.733333333333333,-1.0
13,5.733333333333333,2.8476190476190477,5.733333333333333,3.332135839322983,5.733333333333333,-1.0
14,5.733333333333333,3.04,5.733333333333333,3.298646186948013,5.733333333333333,-1.0
15,5.733333333333333,3.208333333333333,5.733333333333333,3.2597609830579093,5.733333333333333,-1.0
16,5.733333333333333,3.356862745098039,5.733333333333333,3.217756387718557,5.733333333333333,-1.0
17,-1.0,3.1148148148148147,5.733333333333333,3.282486678246683,5.733333333333333,-1.0
18,-1.0,2.8982456140350874,5.733333333333333,3.3244350297695884,5.733333333333333,-1.0
19,-1.0,2.703333333333333,5.733333333333333,3.349791038258954,5.733333333333333,-1.0
20,5.733333333333333,2.8476190476190473,5.733333333333333,3.3321358393229827,5.733333333333333,-1.0
21,5.733333333333333,2.9787878787878785,5.733333333333333,3.3105516256532987,5.733333333333333,-1.0
22,5.733333333333333,3.0985507246376813,5.733333333333333,3.286151270123201,5.733333333333333,-1.0
23,5.733333333333333,3.2083333333333335,5.733333333333333,3.2597609830579097,5.733333333333333,-1.0
24,-1.0,3.04,5.733333333333333,3.298646186948013,5.733333333333333,-1.0
25,-1.0,2.8846153846153846,5.733333333333333,3.326585872936354,5.733333333333333,-1.0
26,5.733333333333333,2.9901234567901236,5.733333333333333,3.308435593342177,5.733333333333333,-1.0
27,5.733333333333333,3.0880952380952382,5.733333333333333,3.2884624463069327,5.733333333333333,-1.0
28,-1.0,2.9471264367816095,5.733333333333333,3.3162495231394384,5.733333333333333,-1.0
29,5.733333333333333,3.04,5.733333333333333,3.298646186948013,5.733333333333333,-1.0
30,-1.0,2.9096774193548387,5.733333333333333,3.322586908857234,5.733333333333333,-1.0
31,-1.0,2.7874999999999996,5.733333333333333,3.3402610302190454,5.733333333333333,-1.0
32,-1.0,2.6727272727272724,5.733333333333333,3.352725958061926,5.733333333333333,-1.0
33,-1.0,2.564705882352941,5.733333333333333,3.3608369364631203,5.733333333333333,-1.0
34,5.733333333333333,2.655238095238095,5.733333333333333,3.354276520362728,5.733333333333333,-1.0
35,-1.0,2.5537037037037034,5.733333333333333,3.36146717836436,5.733333333333333,-1.0
36,-1.0,2.4576576576576574,5.733333333333333,3.365436834053333,5.733333333333333,-1.0
37,-1.0,2.3666666666666663,2.3666666666666667,3.3666666666666667,5.733333333333333,-1.0
38,-1.0,2.2803418803418802,-1.0,3.365559756669078,5.733333333333333,-1.0
39,5.733333333333333,2.3666666666666663,2.3666666666666667,3.3666666666666667,5.733333333333333,-1.0
40,5.733333333333333,2.448780487804878,5.733333333333333,3.365665129632258,5.733333333333333,-1.0
41,5.733333333333333,2.526984126984127,5.733333333333333,3.362847417942391,5.733333333333333,-1.0
42,-1.0,2.4449612403100773,5.733333333333333,3.3657561415204222,5.733333333333333,-1.0
43,5.733333333333333,2.5196969696969695,5.733333333333333,3.363186906908223,5.733333333333333,-1.0
44,-1.0,2.4414814814814814,5.733333333333333,3.365835288294522,5.733333333333333,-1.0
45,-1.0,2.3666666666666667,2.3666666666666667,3.3666666666666667,5.733333333333333,-1.0
46,-1.0,2.295035460992908,-1.0,3.3659045463022523,5.733333333333333,-1.0
47,-1.0,2.2263888888888888,-1.0,3.3637429434346156,5.733333333333333,-1.0
48,5.733333333333333,2.2979591836734694,-1.0,3.3659654968857273,5.733333333333333,-1.0
49,-1.0,2.2319999999999998,-1.0,3.3639722551372704,5.733333333333333,-1.0
50,-1.0,2.168627450980392,-1.0,3.36083693646312,5.733333333333333,-1.0
51,-1.0,2.1076923076923078,-1.0,3.3566913360984296,5.733333333333333,-1.0
52,5.733333333333333,2.1761006289308176,-1.0,3.361268961226713,5.733333333333333,-1.0
53,5.733333333333333,2.241975308641975,-1.0,3.364356775028238,5.733333333333333,-1.0
54,-1.0,2.183030303030303,-1.0,3.3616546714965923,5.733333333333333,-1.0
55,-1.0,2.126190476190476,-1.0,3.358067248620627,5.733333333333333,-1.0
56,-1.0,2.071345029239766,-1.0,3.3536889502325553,5.733333333333333,-1.0
57,5.733333333333333,2.1344827586206896,-1.0,3.358650782276857,5.733333333333333,-1.0
58,-1.0,2.08135593220339,-1.0,3.3545554443539114,5.733333333333333,-1.0
59,-1.0,2.03,-1.0,3.3497910382589535,5.733333333333333,-1.0
60,-1.0,1.980327868852459,-1.0,3.344426225490393,5.733333333333333,-1.0
61,-1.0,1.932258064516129,-1.0,3.338522668909418,5.733333333333333,-1.0
62,5.733333333333333,1.9925925925925925,-1.0,3.345820232999685,5.733333333333333,-1.0
63,-1.0,1.9458333333333333,-1.0,3.340261030219046,5.733333333333333,-1.0
64,5.733333333333333,2.004102564102564,-1.0,3.347087049357446,5.733333333333333,-1.0
65,-1.0,1.9585858585858584,-1.0,3.3418429793334936,5.733333333333333,-1.0
66,-1.0,1.9144278606965173,-1.0,3.336154149139266,5.733333333333333,-1.0
67,5.733333333333333,1.9705882352941173,-1.0,3.343286754175583,5.733333333333333,-1.0
68,-1.0,1.9275362318840576,-1.0,3.3379048676815346,5.733333333333333,-1.0
69,5.733333333333333,1.9819047619047614,-1.0,3.3446080070896853,5.733333333333333,-1.0
70,5.733333333333333,2.034741784037558,-1.0,3.350264215959108,5.733333333333333,-1.0
71,-1.0,1.9925925925925927,-1.0,3.345820232999685,5.733333333333333,-1.0
72,-1.0,1.9515981735159817,-1.0,3.3409822792762705,5.733333333333333,-1.0
73,-1.0,1.9117117117117117,-1.0,3.3357848302020887,5.733333333333333,-1.0
74,5.733333333333333,1.9626666666666666,-1.0,3.3423387686535375,5.733333333333333,-1.0
75,5.733333333333333,2.012280701754386,-1.0,3.347962818240017,5.733333333333333,-1.0
76,-1.0,1.973160173160173,-1.0,3.3435904480083485,5.733333333333333,-1.0
77,5.733333333333333,2.021367521367521,-1.0,3.3489122031937653,5.733333333333333,-1.0
78,-1.0,1.9831223628691979,-1.0,3.3447478546923324,5.733333333333333,-1.0
79,5.733333333333333,2.0300000000000002,-1.0,3.3497910382589544,5.733333333333333,-1.0
80,5.733333333333333,2.0757201646090535,-1.0,3.354071343514458,5.733333333333333,-1.0
81,-1.0,2.038211382113821,-1.0,3.350606149712877,5.733333333333333,-1.0
82,-1.0,2.001606425702811,-1.0,3.3468157201901416,5.733333333333333,-1.0
83,-1.0,1.9658730158730158,-1.0,3.3427247708909484,5.733333333333333,-1.0
84,-1.0,1.9309803921568627,-1.0,3.338356169531378,5.733333333333333,-1.0
85,-1.0,1.8968992248062015,-1.0,3.333731092186699,5.733333333333333,-1.0
86,5.733333333333333,1.9409961685823753,-1.0,3.339648046052924,5.733333333333333,-1.0
87,5.733333333333333,1.9840909090909093,-1.0,3.3448587764148994,5.733333333333333,-1.0
88,5.733333333333333,2.0262172284644198,-1.0,3.3494086977363957,5.733333333333333,-1.0
89,5.733333333333333,2.0674074074074076,-1.0,3.353339878418536,5.733333333333333,-1.0
90,5.733333333333333,2.1076923076923073,-1.0,3.3566913360984305,5.733333333333333,-1.0
91,5.733333333333333,2.147101449275362,-1.0,3.359499301943126,5.733333333333333,-1.0
92,5.733333333333333,2.1856630824372756,-1.0,3.361797457750922,5.733333333333333,-1.0
93,-1.0,2.1517730496453895,-1.0,3.3598013598735212,5.733333333333333,-1.0
94,-1.0,2.11859649122807,-1.0,3.3575148000421846,5.733333333333333,-1.0
95,5.733333333333333,2.15625,-1.0,3.360084711853755,5.733333333333333,-1.0
96,5.733333333333333,2.193127147766323,-1.0,3.362191023696346,5.733333333333333,-1.0
97,5.733333333333333,2.2292517006802717,-1.0,3.3638611106238323,5.733333333333333,-1.0
98,5.733333333333333,2.2646464646464644,-1.0,3.3651205510091615,5.733333333333333,-1.0
99,-1.0,2.2319999999999998,-1.0,3.3639722551372704,5.733333333333333,-1.0
100,5.733333333333333,2.266666666666666,-1.0,3.3651811904330566,5.733333333333333,-1.0
101,-1.0,2.2346405228758166,-1.0,3.3640769226936773,5.733333333333333,-1.0
102,5.733333333333333,2.2686084142394813,-1.0,3.3652383308727734,5.733333333333333,-1.0
103,5.733333333333333,2.301923076923077,-1.0,3.3660440745824407,5.733333333333333,-1.0
104,-1.0,2.2704761904761903,-1.0,3.3652922364535733,5.733333333333333,-1.0
105,5.733333333333333,2.30314465408805,-1.0,3.366067349053255,5.733333333333333,-1.0
106,-1.0,2.2722741433021807,-1.0,3.3653431468391646,5.733333333333333,-1.0
107,-1.0,2.241975308641975,-1.0,3.3643567750282375,5.733333333333333,-1.0
108,5.733333333333333,2.274006116207951,-1.0,3.3653912799009174,5.733333333333333,-1.0
109,-1.0,2.244242424242424,-1.0,3.3644400350297965,5.733333333333333,-1.0
110,5.733333333333333,2.2756756756756755,-1.0,3.365436834053333,5.733333333333333,-1.0
111,-1.0,2.2464285714285714,-1.0,3.3645188727213227,5.733333333333333,-1.0
112,-1.0,2.217699115044248,-1.0,3.363369309636999,5.733333333333333,-1.0
113,5.733333333333333,2.248538011695907,-1.0,3.364593595862544,5.733333333333333,-1.0
114,5.733333333333333,2.2788405797101454,-1.0,3.36552091404798,5.733333333333333,-1.0
115,5.733333333333333,2.308620689655173,-1.0,3.36616623311999,5.733333333333333,-1.0
116,5.733333333333333,2.3378917378917388,-1.0,3.366543694639718,5.733333333333333,-1.0
117,5.733333333333333,2.3666666666666676,2.3666666666666667,3.3666666666666667,5.733333333333333,-1.0
118,-1.0,2.338375350140057,-1.0,3.3665477934901857,5.733333333333333,-1.0
119,-1.0,2.3105555555555553,-1.0,3.3661990415978553,5.733333333333333,-1.0
120,-1.0,2.2831955922865013,-1.0,3.3656317422121904,5.733333333333333,-1.0
121,-1.0,2.2562841530054643,-1.0,3.3648566306935397,5.733333333333333,-1.0
122,5.733333333333333,2.2845528455284554,-1.0,3.365665129632258,5.733333333333333,-1.0
123,5.733333333333333,2.3123655913978496,-1.0,3.36622872628541,5.733333333333333,-1.0
124,5.733333333333333,2.3397333333333337,-1.0,3.366558931609545,5.733333333333333,-1.0
125,5.733333333333333,2.366666666666667,2.3666666666666667,3.3666666666666667,5.733333333333333,-1.0
126,5.733333333333333,2.393175853018373,5.733333333333333,3.366562298173526,5.733333333333333,-1.0
127,-1.0,2.3666666666666667,2.3666666666666667,3.3666666666666667,5.733333333333333,-1.0
128,-1.0,2.3405684754521965,-1.0,3.3665655093670432,5.733333333333333,-1.0
129,5.733333333333333,2.3666666666666663,2.3666666666666667,3.3666666666666667,5.733333333333333,-1.0
130,5.733333333333333,2.3923664122137405,5.733333333333333,3.36656857460579,5.733333333333333,-1.0
131,5.733333333333333,2.4176767676767676,5.733333333333333,3.366280204326339,5.733333333333333,-1.0
132,5.733333333333333,2.4426065162907262,5.733333333333333,3.3658100932291943,5.733333333333333,-1.0
133,5.733333333333333,2.467164179104477,5.733333333333333,3.365166369503632,5.733333333333333,-1.0
134,5.733333333333333,2.4913580246913574,5.733333333333333,3.364356775028238,5.733333333333333,-1.0
135,-1.0,2.465686274509804,5.733333333333333,3.365210180910999,5.733333333333333,-1.0
136,-1.0,2.4403892944038934,5.733333333333333,3.36585938782415,5.733333333333333,-1.0
137,-1.0,2.4154589371980677,5.733333333333333,3.3663130809211483,5.733333333333333,-1.0
138,-1.0,2.390887290167866,5.733333333333333,3.3665795409943398,5.733333333333333,-1.0
139,5.733333333333333,2.414761904761905,5.733333333333333,3.366323111722493,5.733333333333333,-1.0
140,-1.0,2.390543735224586,5.733333333333333,3.366581995146045,5.733333333333333,-1.0
141,-1.0,2.3666666666666667,2.3666666666666667,3.3666666666666667,5.733333333333333,-1.0
142,5.733333333333333,2.39020979020979,5.733333333333333,3.3665843470464663,5.733333333333333,-1.0
143,5.733333333333333,2.413425925925926,5.733333333333333,3.3663419339273855,5.733333333333333,-1.0
144,-1.0,2.3898850574712642,5.733333333333333,3.3665866022980735,5.733333333333333,-1.0
145,-1.0,2.3666666666666663,2.3666666666666667,3.3666666666666667,5.733333333333333,-1.0
146,-1.0,2.3437641723356006,-1.0,3.3665887661248233,5.733333333333333,-1.0
147,5.733333333333333,2.3666666666666667,2.3666666666666667,3.3666666666666667,5.733333333333333,-1.0
148,-1.0,2.3440715883668903,-1.0,3.366590843402428,5.733333333333333,-1.0
149,5.733333333333333,2.3666666666666667,2.3666666666666667,3.3666666666666667,5.733333333333333,-1.0
150,-1.0,2.3443708609271523,-1.0,3.366592838685854,5.733333333333333,-1.0
151,-1.0,2.3223684210526314,-1.0,3.366375218225081,5.733333333333333,-1.0
152,5.733333333333333,2.344662309368192,-1.0,3.366594756234306,5.733333333333333,-1.0
153,-1.0,2.322943722943723,-1.0,3.3663827394752137,5.733333333333333,-1.0
154,-1.0,2.3015053763440863,-1.0,3.36603601446686,5.733333333333333,-1.0
155,-1.0,2.2803418803418802,-1.0,3.365559756669078,5.733333333333333,-1.0
156,-1.0,2.259447983014862,-1.0,3.364958929663246,5.733333333333333,-1.0
157,-1.0,2.238818565400844,-1.0,3.364238295282777,5.733333333333333,-1.0
158,-1.0,2.2184486373165617,-1.0,3.3634024231750828,5.733333333333333,-1.0
159,-1.0,2.1983333333333333,-1.0,3.3624556998320934,5.733333333333333,-1.0
160,5.733333333333333,2.2202898550724637,-1.0,3.3634830568135707,5.733333333333333,-1.0
161,-1.0,2.2004115226337446,-1.0,3.36255909561855,5.733333333333333,-1.0
162,5.733333333333333,2.2220858895705518,-1.0,3.3635607387616373,5.733333333333333,-1.0
163,5.733333333333333,2.2434959349593493,-1.0,3.3644127890755513,5.733333333333333,-1.0
164,5.733333333333333,2.2646464646464644,-1.0,3.3651205510091615,5.733333333333333,-1.0
165,5.733333333333333,2.285542168674698,-1.0,3.3656891211563194,5.733333333333333,-1.0
166,-1.0,2.2658682634730534,-1.0,3.365157370221794,5.733333333333333,-1.0
167,-1.0,2.2464285714285714,-1.0,3.364518872721323,5.733333333333333,-1.0
168,-1.0,2.2272189349112423,-1.0,3.3637774561573948,5.733333333333333,-1.0
169,5.733333333333333,2.2478431372549017,-1.0,3.3645691274370595,5.733333333333333,-1.0
170,5.733333333333333,2.2682261208576997,-1.0,3.3652271696551592,5.733333333333333,-1.0
171,5.733333333333333,2.2883720930232556,-1.0,3.3657561415204222,5.733333333333333,-1.0
172,5.733333333333333,2.308285163776493,-1.0,3.366160430604092,5.733333333333333,-1.0
173,-1.0,2.2892720306513406,-1.0,3.3657769555870005,5.733333333333333,-1.0
174,-1.0,2.27047619047619,-1.0,3.3652922364535733,5.733333333333333,-1.0
175,5.733333333333333,2.2901515151515155,-1.0,3.3657970640003025,5.733333333333333,-1.0
176,-1.0,2.2715630885122415,-1.0,3.365323127705075,5.733333333333333,-1.0
177,5.733333333333333,2.291011235955056,-1.0,3.365816498302943,5.733333333333333,-1.0
178,5.733333333333333,2.3102420856610797,-1.0,3.366193801774162,5.733333333333333,-1.0
179,-1.0,2.2918518518518516,-1.0,3.3658352882945226,5.733333333333333,-1.0
180,5.733333333333333,2.310865561694291,-1.0,3.366204194805821,5.733333333333333,-1.0
181,-1.0,2.2926739926739925,-1.0,3.3658534621459473,5.733333333333333,-1.0
182,-1.0,2.2746812386156647,-1.0,3.3654098005251485,5.733333333333333,-1.0
183,5.733333333333333,2.2934782608695654,-1.0,3.3658710465050983,5.733333333333333,-1.0
184,5.733333333333333,2.312072072072072,-1.0,3.366223978686727,5.733333333333333,-1.0
185,5.733333333333333,2.3304659498207885,-1.0,3.3664720335306946,5.733333333333333,-1.0
186,5.733333333333333,2.3486631016042785,-1.0,3.366618528448017,5.733333333333333,-1.0
187,5.733333333333333,2.366666666666667,2.3666666666666667,3.3666666666666667,5.733333333333333,-1.0
188,5.733333333333333,2.3844797178130515,5.733333333333333,3.3666195418629203,5.733333333333333,-1.0
189,5.733333333333333,2.402105263157895,5.733333333333333,3.3664801425707505,5.733333333333333,-1.0
190,5.733333333333333,2.4195462478184995,5.733333333333333,3.366251356381703,5.733333333333333,-1.0
191,-1.0,2.401736111111111,5.733333333333333,3.3664840083551266,5.733333333333333,-1.0
192,5.733333333333333,2.4189982728842834,5.733333333333333,3.366259919767802,5.733333333333333,-1.0
193,5.733333333333333,2.4360824742268044,5.733333333333333,3.3659509637107345,5.733333333333333,-1.0
194,-1.0,2.4184615384615387,5.733333333333333,3.366268220997875,5.733333333333333,-1.0
195,-1.0,2.4010204081632653,5.733333333333333,3.3664913879125895,5.733333333333333,-1.0
196,5.733333333333333,2.417935702199662,5.733333333333333,3.3662762706646587,5.733333333333333,-1.0
197,5.733333333333333,2.4346801346801348,5.733333333333333,3.3659795918295803,5.733333333333333,-1.0
198,5.733333333333333,2.4512562814070353,5.733333333333333,3.3656038152941474,5.733333333333333,-1.0
199,-1.0,2.4339999999999997,5.733333333333333,3.36599326598653,5.733333333333333,-1.0
200,5.733333333333333,2.450414593698176,5.733333333333333,3.3656248645923643,5.733333333333333,-1.0
201,-1.0,2.433333333333333,5.733333333333333,3.366006535941367,5.733333333333333,-1.0
202,-1.0,2.416420361247947,5.733333333333333,3.366299008454234,5.733333333333333,-1.0
203,-1.0,2.399673202614379,5.733333333333333,3.3665048660337886,5.733333333333333,-1.0
204,-1.0,2.3830894308943087,5.733333333333333,3.366626610905873,5.733333333333333,-1.0
205,-1.0,2.3666666666666667,2.3666666666666667,3.3666666666666667,5.733333333333333,-1.0
206,5.733333333333333,2.3829307568438,5.733333333333333,3.366627381195483,5.733333333333333,-1.0
207,-1.0,2.3666666666666667,2.3666666666666667,3.3666666666666667,5.733333333333333,-1.0
208,5.733333333333333,2.382775119617225,5.733333333333333,3.3666281294773235,5.733333333333333,-1.0
209,5.733333333333333,2.398730158730159,5.733333333333333,3.366513979908763,5.733333333333333,-1.0
210,5.733333333333333,2.414533965244866,5.733333333333333,3.366326360614976,5.733333333333333,-1.0
211,5.733333333333333,2.4301886792452834,5.733333333333333,3.366067349053255,5.733333333333333,-1.0
212,-1.0,2.414084507042254,5.733333333333333,3.366332721651049,5.733333333333333,-1.0
213,-1.0,2.3981308411214957,5.733333333333333,3.3665196346034163,5.733333333333333,-1.0
214,-1.0,2.382325581395349,5.733333333333333,3.3666302503889503,5.733333333333333,-1.0
215,-1.0,2.3666666666666667,2.3666666666666667,3.3666666666666667,5.733333333333333,-1.0
216,5.733333333333333,2.382181259600615,5.733333333333333,3.36663091856689,5.733333333333333,-1.0
217,5.733333333333333,2.3975535168195723,5.733333333333333,3.3665249808863855,5.733333333333333,-1.0
218,-1.0,2.382039573820396,5.733333333333333,3.3666315685221764,5.733333333333333,-1.0
219,-1.0,2.366666666666667,2.3666666666666667,3.3666666666666667,5.733333333333333,-1.0
220,-1.0,2.351432880844646,-1.0,3.366632200911465,5.733333333333333,-1.0
221,5.733333333333333,2.366666666666667,2.3666666666666667,3.3666666666666667,5.733333333333333,-1.0
222,5.733333333333333,2.3817638266068766,5.733333333333333,3.366632816362097,5.733333333333333,-1.0
223,-1.0,2.3666666666666667,2.3666666666666667,3.3666666666666667,5.733333333333333,-1.0
224,-1.0,2.351703703703704,-1.0,3.3666334154736557,5.733333333333333,-1.0
225,-1.0,2.336873156342183,-1.0,3.3665348343938146,5.733333333333333,-1.0
226,-1.0,2.322173274596182,-1.0,3.366372644629009,5.733333333333333,-1.0
227,5.733333333333333,2.3371345029239765,-1.0,3.3665371371409405,5.733333333333333,-1.0
228,-1.0,2.322561863173217,-1.0,3.36637775817766,5.733333333333333,-1.0
229,-1.0,2.3081159420289854,-1.0,3.3661574914268124,5.733333333333333,-1.0
230,-1.0,2.2937950937950937,-1.0,3.3658779208865655,5.733333333333333,-1.0
231,-1.0,2.2795977011494255,-1.0,3.3655405865459715,5.733333333333333,-1.0
232,-1.0,2.2655221745350502,-1.0,3.3651469858173924,5.733333333333333,-1.0
233,5.733333333333333,2.2803418803418802,-1.0,3.365559756669078,5.733333333333333,-1.0
234,5.733333333333333,2.295035460992908,-1.0,3.365904546302252,5.733333333333333,-1.0
235,-1.0,2.281073446327684,-1.0,3.3655784413792,5.733333333333333,-1.0
236,-1.0,2.267229254571027,-1.0,3.365197861273564,5.733333333333333,-1.0
237,5.733333333333333,2.281792717086835,-1.0,3.3655966569283318,5.733333333333333,-1.0
238,5.733333333333333,2.2962343096234314,-1.0,3.365929845900799,5.733333333333333,-1.0
239,-1.0,2.2824999999999998,-1.0,3.365614418893921,5.733333333333333,-1.0
240,5.733333333333333,2.2968188105117564,-1.0,3.365942025857695,5.733333333333333,-1.0
241,5.733333333333333,2.3110192837465564,-1.0,3.366206739524266,5.733333333333333,-1.0
242,5.733333333333333,2.325102880658436,-1.0,3.366410090309424,5.733333333333333,-1.0
243,5.733333333333333,2.339071038251366,-1.0,3.3665535679291976,5.733333333333333,-1.0
244,-1.0,2.3254421768707485,-1.0,3.3664142623696076,5.733333333333333,-1.0
245,-1.0,2.3119241192411923,-1.0,3.3662215758838294,5.733333333333333,-1.0
246,5.733333333333333,2.3257759784075573,-1.0,3.366418333490082,5.733333333333333,-1.0
247,5.733333333333333,2.3395161290322584,-1.0,3.366557186912263,5.733333333333333,-1.0
248,-1.0,2.3261044176706824,-1.0,3.3664223069010273,5.733333333333333,-1.0
249,5.733333333333333,2.339733333333333,-1.0,3.366558931609545,5.733333333333333,-1.0
250,5.733333333333333,2.3532536520584326,-1.0,3.3666399474080335,5.733333333333333,-1.0
251,-1.0,2.3399470899470898,-1.0,3.366560634930607,5.733333333333333,-1.0
252,-1.0,2.326745718050066,-1.0,3.366429972880172,5.733333333333333,-1.0
253,5.733333333333333,2.3401574803149603,-1.0,3.366562298173526,5.733333333333333,-1.0
254,-1.0,2.3270588235294114,-1.0,3.366433671291692,5.733333333333333,-1.0
255,5.733333333333333,2.3403645833333333,-1.0,3.366563922585872,5.733333333333333,-1.0
256,5.733333333333333,2.3535667963683524,-1.0,3.366641180441215,5.733333333333333,-1.0
257,5.733333333333333,2.3666666666666663,2.3666666666666667,3.3666666666666667,5.733333333333333,-1.0
258,5.733333333333333,2.3796653796653793,5.733333333333333,3.3666415725326067,5.733333333333333,-1.0
259,-1.0,2.3666666666666663,2.3666666666666667,3.3666666666666667,5.733333333333333,-1.0
260,-1.0,2.353767560664112,-1.0,3.3666419556449387,5.733333333333333,-1.0
261,5.733333333333333,2.3666666666666663,2.3666666666666667,3.3666666666666667,5.733333333333333,-1.0
262,5.733333333333333,2.3794676806083648,5.733333333333333,3.3666423300502997,5.733333333333333,-1.0
263,-1.0,2.3666666666666667,2.3666666666666667,3.3666666666666667,5.733333333333333,-1.0
264,-1.0,2.353962264150943,-1.0,3.366642696010547,5.733333333333333,-1.0
265,5.733333333333333,2.3666666666666667,2.3666666666666667,3.3666666666666667,5.733333333333333,-1.0
266,-1.0,2.3540574282147313,-1.0,3.3666430537777696,5.733333333333333,-1.0
267,5.733333333333333,2.3666666666666667,2.3666666666666667,3.3666666666666667,5.733333333333333,-1.0
268,-1.0,2.3541511771995043,-1.0,3.36664340359472,5.733333333333333,-1.0
269,5.733333333333333,2.3666666666666667,2.3666666666666667,3.3666666666666667,5.733333333333333,-1.0
270,5.733333333333333,2.379089790897909,5.733333333333333,3.366643745695226,5.733333333333333,-1.0
271,-1.0,2.3666666666666667,2.3666666666666667,3.3666666666666667,5.733333333333333,-1.0
272,-1.0,2.3543345543345544,-1.0,3.3666440803045803,5.733333333333333,-1.0
273,5.733333333333333,2.3666666666666667,2.3666666666666667,3.3666666666666667,5.733333333333333,-1.0
274,5.733333333333333,2.378909090909091,5.733333333333333,3.3666444076399147,5.733333333333333,-1.0
275,-1.0,2.3666666666666667,2.3666666666666667,3.3666666666666667,5.733333333333333,-1.0
276,-1.0,2.3545126353790615,-1.0,3.3666447279105505,5.733333333333333,-1.0
277,-1.0,2.342446043165468,-1.0,3.3665795409943398,5.733333333333333,-1.0
278,5.733333333333333,2.3545997610513743,-1.0,3.3666450413183324,5.733333333333333,-1.0
279,-1.0,2.342619047619048,-1.0,3.3665807812174338,5.733333333333333,-1.0
280,-1.0,2.3307236061684464,-1.0,3.3664747943281066,5.733333333333333,-1.0
281,-1.0,2.3189125295508277,-1.0,3.366327967805984,5.733333333333333,-1.0
282,-1.0,2.3071849234393405,-1.0,3.3661411685589004,5.733333333333333,-1.0
283,5.733333333333333,2.31924882629108,-1.0,3.366332721651049,5.733333333333333,-1.0
284,-1.0,2.3076023391812868,-1.0,3.3661485186579547,5.733333333333333,-1.0
285,-1.0,2.296037296037296,-1.0,3.365925717607111,5.733333333333333,-1.0
286,5.733333333333333,2.30801393728223,-1.0,3.3661557156168813,5.733333333333333,-1.0
287,-1.0,2.2965277777777775,-1.0,3.3659359739469012,5.733333333333333,-1.0
288,5.733333333333333,2.3084198385236445,-1.0,3.366162763660682,5.733333333333333,-1.0
289,-1.0,2.2970114942528737,-1.0,3.3659460187888413,5.733333333333333,-1.0
290,-1.0,2.285681557846506,-1.0,3.365692478019023,5.733333333333333,-1.0
291,5.733333333333333,2.2974885844748854,-1.0,3.3659558579085247,5.733333333333333,-1.0
292,5.733333333333333,2.309215017064846,-1.0,3.366176429185267,5.733333333333333,-1.0
293,-1.0,2.297959183673469,-1.0,3.3659654968857273,5.733333333333333,-1.0
294,-1.0,2.286779661016949,-1.0,3.365718721279716,5.733333333333333,-1.0
295,5.733333333333333,2.298423423423423,-1.0,3.36597494111232,5.733333333333333,-1.0
296,-1.0,2.2873176206509536,-1.0,3.3657314470023962,5.733333333333333,-1.0
297,-1.0,2.2762863534675613,-1.0,3.3654532894441544,5.733333333333333,-1.0
298,-1.0,2.265328874024526,-1.0,3.3651411703265683,5.733333333333333,-1.0
299,-1.0,2.2544444444444443,-1.0,3.3647957764601335,5.733333333333333,-1.0
300,-1.0,2.243632336655592,-1.0,3.364417779955868,5.733333333333333,-1.0
301,5.733333333333333,2.2551876379690947,-1.0,3.364820481185451,5.733333333333333,-1.0
302,5.733333333333333,2.2666666666666666,-1.0,3.365181190433057,5.733333333333333,-1.0
303,5.733333333333333,2.2780701754385966,-1.0,3.3655007214657555,5.733333333333333,-1.0
304,-1.0,2.2673224043715847,-1.0,3.3652006124440033,5.733333333333333,-1.0
305,-1.0,2.2566448801742918,-1.0,3.3648684448194213,5.733333333333333,-1.0
306,5.733333333333333,2.267969598262758,-1.0,3.3652196560006185,5.733333333333333,-1.0
307,-1.0,2.2573593073593075,-1.0,3.364891728666124,5.733333333333333,-1.0
308,5.733333333333333,2.2686084142394822,-1.0,3.365238330872774,5.733333333333333,-1.0
309,5.733333333333333,2.279784946236559,-1.0,3.3655454254993424,5.733333333333333,-1.0
310,5.733333333333333,2.2908896034297963,-1.0,3.3658137620984974,5.733333333333333,-1.0
311,-1.0,2.2803418803418802,-1.0,3.365559756669078,5.733333333333333,-1.0
312,-1.0,2.2698615548455807,-1.0,3.3652746120888484,5.733333333333333,-1.0
313,5.733333333333333,2.280891719745223,-1.0,3.365573814808563,5.733333333333333,-1.0
314,-1.0,2.2704761904761908,-1.0,3.3652922364535733,5.733333333333333,-1.0
315,5.733333333333333,2.281434599156118,-1.0,3.36558760680989,5.733333333333333,-1.0
316,-1.0,2.2710830704521556,-1.0,3.365309528197837,5.733333333333333,-1.0
317,-1.0,2.260796645702306,-1.0,3.3650016319617815,5.733333333333333,-1.0
318,-1.0,2.250574712643678,-1.0,3.3646644858968586,5.733333333333333,-1.0
319,-1.0,2.240416666666667,-1.0,3.3642986463666458,5.733333333333333,-1.0
320,5.733333333333333,2.2512980269989615,-1.0,3.364689364774357,5.733333333333333,-1.0
321,-1.0,2.24120082815735,-1.0,3.3643279816051823,5.733333333333333,-1.0
322,-1.0,2.2311661506707945,-1.0,3.3639387709364295,5.733333333333333,-1.0
323,5.733333333333333,2.241975308641975,-1.0,3.3643567750282375,5.733333333333333,-1.0
324,5.733333333333333,2.2527179487179487,-1.0,3.3647377511660976,5.733333333333333,-1.0
325,5.733333333333333,2.2633946830265845,-1.0,3.365082367764493,5.733333333333333,-1.0
326,-1.0,2.2534148827726805,-1.0,3.3647612809661958,5.733333333333333,-1.0
327,5.733333333333333,2.2640243902439026,-1.0,3.3651016340573126,5.733333333333333,-1.0
328,-1.0,2.2541033434650455,-1.0,3.36478438279695,5.733333333333333,-1.0
329,-1.0,2.244242424242424,-1.0,3.364440035029796,5.733333333333333,-1.0
330,5.733333333333333,2.2547834843907353,-1.0,3.364807066975499,5.733333333333333,-1.0
331,-1.0,2.244979919678715,-1.0,3.3644667898571883,5.733333333333333,-1.0
332,-1.0,2.235235235235235,-1.0,3.3641002100526567,5.733333333333333,-1.0
333,-1.0,2.2255489021956087,-1.0,3.363707808504647,5.733333333333333,-1.0
334,5.733333333333333,2.2360199004975123,-1.0,3.364130774350781,5.733333333333333,-1.0
335,5.733333333333333,2.2464285714285714,-1.0,3.364518872721323,5.733333333333333,-1.0
336,5.733333333333333,2.2567754698318496,-1.0,3.364872712199179,5.733333333333333,-1.0
337,5.733333333333333,2.267061143984221,-1.0,3.3651928896120653,5.733333333333333,-1.0
338,5.733333333333333,2.2772861356932155,-1.0,3.3654799903026236,5.733333333333333,-1.0
339,-1.0,2.2676470588235293,-1.0,3.365210180910999,5.733333333333333,-1.0
340,-1.0,2.2580645161290325,-1.0,3.364914563156552,5.733333333333333,-1.0
341,5.733333333333333,2.2682261208576997,-1.0,3.3652271696551597,5.733333333333333,-1.0
342,5.733333333333333,2.2783284742468415,-1.0,3.3655075112387496,5.733333333333333,-1.0
343,5.733333333333333,2.288372093023256,-1.0,3.3657561415204222,5.733333333333333,-1.0
344,5.733333333333333,2.298357487922705,-1.0,3.365973603661171,5.733333333333333,-1.0
345,5.733333333333333,2.308285163776493,-1.0,3.3661604306040926,5.733333333333333,-1.0
346,-1.0,2.298751200768492,-1.0,3.365981570647154,5.733333333333333,-1.0
347,5.733333333333333,2.3086206896551724,-1.0,3.36616623311999,5.733333333333333,-1.0
348,-1.0,2.299140401146132,-1.0,3.365989401039358,5.733333333333333,-1.0
349,5.733333333333333,2.3089523809523804,-1.0,3.366171936438918,5.733333333333333,-1.0
350,5.733333333333333,2.318708452041785,-1.0,3.366325066611132,5.733333333333333,-1.0
351,-1.0,2.3092803030303033,-1.0,3.3661775428092082,5.733333333333333,-1.0
352,-1.0,2.2999055712936736,-1.0,3.366004664374225,5.733333333333333,-1.0
353,5.733333333333333,2.309604519774011,-1.0,3.3661830544158535,5.733333333333333,-1.0
354,5.733333333333333,2.31924882629108,-1.0,3.366332721651049,5.733333333333333,-1.0
355,5.733333333333333,2.3288389513108614,-1.0,3.3664541447040985,5.733333333333333,-1.0
356,5.733333333333333,2.3383753501400557,-1.0,3.3665477934901857,5.733333333333333,-1.0
357,5.733333333333333,2.3478584729981375,-1.0,3.3666141294029184,5.733333333333333,-1.0
358,5.733333333333333,2.357288765088208,-1.0,3.3666536054970715,5.733333333333333,-1.0
359,5.733333333333333,2.3666666666666667,2.3666666666666667,3.3666666666666667,5.733333333333333,-1.0
360,5.733333333333333,2.375992613111727,5.733333333333333,3.366653749818557,5.733333333333333,-1.0
361,-1.0,2.3666666666666667,2.3666666666666667,3.3666666666666667,5.733333333333333,-1.0
362,5.733333333333333,2.375941230486685,5.733333333333333,3.366653891761135,5.733333333333333,-1.0
363,-1.0,2.3666666666666667,2.3666666666666667,3.3666666666666667,5.733333333333333,-1.0
364,-1.0,2.357442922374429,-1.0,3.366654031376803,5.733333333333333,-1.0
365,-1.0,2.348269581056466,-1.0,3.366616401030194,5.733333333333333,-1.0
366,-1.0,2.3391462306993644,-1.0,3.36655418344167,5.733333333333333,-1.0
367,5.733333333333333,2.3483695652173915,-1.0,3.3666169459151423,5.733333333333333,-1.0
368,5.733333333333333,2.3575429087624213,-1.0,3.3666543038283794,5.733333333333333,-1.0
369,5.733333333333333,2.3666666666666667,2.3666666666666667,3.3666666666666667,5.733333333333333,-1.0
370,5.733333333333333,2.375741239892183,5.733333333333333,3.3666544367614,5.733333333333333,-1.0
371,-1.0,2.3666666666666667,2.3666666666666667,3.3666666666666667,5.733333333333333,-1.0
372,5.733333333333333,2.375692582663092,5.733333333333333,3.3666545675618207,5.733333333333333,-1.0
373,5.733333333333333,2.3846702317290553,5.733333333333333,3.366618528448017,5.733333333333333,-1.0
374,-1.0,2.3756444444444447,5.733333333333333,3.3666546962750155,5.733333333333333,-1.0
375,5.733333333333333,2.3845744680851064,5.733333333333333,3.3666190391983473,5.733333333333333,-1.0
376,5.733333333333333,2.3934571175950485,5.733333333333333,3.366560071673087,5.733333333333333,-1.0
377,5.733333333333333,2.4022927689594353,5.733333333333333,3.366478163493693,5.733333333333333,-1.0
378,5.733333333333333,2.4110817941952507,5.733333333333333,3.3663736781425597,5.733333333333333,-1.0
379,5.733333333333333,2.4198245614035088,5.733333333333333,3.366246972916811,5.733333333333333,-1.0
380,-1.0,2.41084864391951,5.733333333333333,3.366376746196194,5.733333333333333,-1.0
381,-1.0,2.4019197207678884,5.733333333333333,3.366482090643136,5.733333333333333,-1.0
382,5.733333333333333,2.4106179286335943,5.733333333333333,3.3663797663091963,5.733333333333333,-1.0
383,-1.0,2.401736111111111,5.733333333333333,3.3664840083551266,5.733333333333333,-1.0
384,5.733333333333333,2.4103896103896103,5.733333333333333,3.366382739475214,5.733333333333333,-1.0
385,-1.0,2.401554404145078,5.733333333333333,3.366485896334349,5.733333333333333,-1.0
386,-1.0,2.392764857881137,5.733333333333333,3.3665655093670432,5.733333333333333,-1.0
387,5.733333333333333,2.4013745704467353,5.733333333333333,3.3664877551922925,5.733333333333333,-1.0
388,5.733333333333333,2.4099400171379606,5.733333333333333,3.366388548813615,5.733333333333333,-1.0
389,-1.0,2.401196581196581,5.733333333333333,3.366489585524809,5.733333333333333,-1.0
390,5.733333333333333,2.4097186700767264,5.733333333333333,3.3663913868483606,5.733333333333333,-1.0
391,-1.0,2.4010204081632653,5.733333333333333,3.3664913879125895,5.733333333333333,-1.0
392,-1.0,2.3923664122137405,5.733333333333333,3.36656857460579,5.733333333333333,-1.0
393,-1.0,2.3837563451776647,5.733333333333333,3.366623291568695,5.733333333333333,-1.0
394,5.733333333333333,2.392236286919831,5.733333333333333,3.3665695654426266,5.733333333333333,-1.0
395,-1.0,2.3836700336700334,5.733333333333333,3.3666237285973906,5.733333333333333,-1.0
396,-1.0,2.3751469353484467,5.733333333333333,3.3666559862105796,5.733333333333333,-1.0
397,-1.0,2.3666666666666667,2.3666666666666667,3.366666666666667,5.733333333333333,-1.0
398,-1.0,2.3582289055973265,-1.0,3.366656093014637,5.733333333333333,-1.0
399,-1.0,2.349833333333333,-1.0,3.3666245830703088,5.733333333333333,-1.0
400,-1.0,2.341479634247714,-1.0,3.3665724495163287,5.733333333333333,-1.0
401,5.733333333333333,2.3499170812603647,-1.0,3.3666250007734986,5.733333333333333,-1.0
402,5.733333333333333,2.3583126550868485,-1.0,3.366656301872077,5.733333333333333,-1.0
403,5.733333333333333,2.3666666666666667,2.3666666666666667,3.3666666666666667,5.733333333333333,-1.0
404,5.733333333333333,2.3749794238683126,5.733333333333333,3.366656403987813,5.733333333333333,-1.0
405,-1.0,2.3666666666666667,2.3666666666666667,3.366666666666667,5.733333333333333,-1.0
406,5.733333333333333,2.374938574938575,5.733333333333333,3.3666565046018557,5.733333333333333,-1.0
407,-1.0,2.3666666666666663,2.3666666666666667,3.3666666666666667,5.733333333333333,-1.0
408,-1.0,2.3584352078239608,-1.0,3.3666566037435075,5.733333333333333,-1.0
409,5.733333333333333,2.3666666666666667,2.3666666666666667,3.3666666666666667,5.733333333333333,-1.0
410,5.733333333333333,2.3748580697485804,5.733333333333333,3.366656701441357,5.733333333333333,-1.0
411,-1.0,2.3666666666666667,2.3666666666666667,3.3666666666666667,5.733333333333333,-1.0
412,5.733333333333333,2.3748184019370457,5.733333333333333,3.3666567977233033,5.733333333333333,-1.0
413,-1.0,2.3666666666666667,2.3666666666666667,3.366666666666667,5.733333333333333,-1.0
414,5.733333333333333,2.3747791164658634,5.733333333333333,3.3666568926165756,5.733333333333333,-1.0
415,-1.0,2.3666666666666667,2.3666666666666667,3.3666666666666667,5.733333333333333,-1.0
416,-1.0,2.3585931254996004,-1.0,3.3666569861477527,5.733333333333333,-1.0
417,-1.0,2.3505582137161083,-1.0,3.366628129477324,5.733333333333333,-1.0
418,-1.0,2.342561654733492,-1.0,3.3665803707685558,5.733333333333333,-1.0
419,-1.0,2.3346031746031746,-1.0,3.366513979908763,5.733333333333333,-1.0
420,5.733333333333333,2.342676167854315,-1.0,3.3665811887449233,5.733333333333333,-1.0
421,-1.0,2.3347551342812007,-1.0,3.366515423779498,5.733333333333333,-1.0
422,-1.0,2.326871552403467,-1.0,3.3664314627399174,5.733333333333333,-1.0
423,-1.0,2.3190251572327045,-1.0,3.3663295636380135,5.733333333333333,-1.0
424,-1.0,2.31121568627451,-1.0,3.3662099805594408,5.733333333333333,-1.0
425,-1.0,2.3034428794992174,-1.0,3.366072963733949,5.733333333333333,-1.0
426,-1.0,2.295706479313037,-1.0,3.365918759604156,5.733333333333333,-1.0
427,5.733333333333333,2.303738317757009,-1.0,3.366078499879043,5.733333333333333,-1.0
428,-1.0,2.296037296037296,-1.0,3.365925717607111,5.733333333333333,-1.0
429,-1.0,2.2883720930232556,-1.0,3.365756141520422,5.733333333333333,-1.0
430,-1.0,2.280742459396752,-1.0,3.365570007450369,5.733333333333333,-1.0
431,5.733333333333333,2.2887345679012348,-1.0,3.3657645539203216,5.733333333333333,-1.0
432,-1.0,2.281139337952271,-1.0,3.365580116486224,5.733333333333333,-1.0
433,-1.0,2.27357910906298,-1.0,3.365379495846468,5.733333333333333,-1.0
434,-1.0,2.2660536398467435,-1.0,3.3651629177914373,5.733333333333333,-1.0
435,5.733333333333333,2.2740061162079512,-1.0,3.365391279900917,5.733333333333333,-1.0
436,5.733333333333333,2.2819221967963386,-1.0,3.365599919668237,5.733333333333333,-1.0
437,5.733333333333333,2.2898021308980216,-1.0,3.3657891032543197,5.733333333333333,-1.0
438,-1.0,2.2823082763857254,-1.0,3.3656096188407907,5.733333333333333,-1.0
439,-1.0,2.274848484848485,-1.0,3.365414367642126,5.733333333333333,-1.0
440,-1.0,2.2674225245653816,-1.0,3.3652035666067848,5.733333333333333,-1.0
441,5.733333333333333,2.2752639517345403,-1.0,3.3654256771094326,5.733333333333333,-1.0
442,-1.0,2.2678705793829947,-1.0,3.3652167504607906,5.733333333333333,-1.0
443,-1.0,2.2605105105105108,-1.0,3.3649926173699987,5.733333333333333,-1.0
444,5.733333333333333,2.268314606741573,-1.0,3.365229756904116,5.733333333333333,-1.0
445,-1.0,2.260986547085202,-1.0,3.365007601294489,5.733333333333333,-1.0
446,-1.0,2.2536912751677853,-1.0,3.3647705724700043,5.733333333333333,-1.0
447,-1.0,2.2464285714285714,-1.0,3.3645188727213227,5.733333333333333,-1.0
448,5.733333333333333,2.254194506310319,-1.0,3.3647874312635593,5.733333333333333,-1.0
449,-1.0,2.246962962962963,-1.0,3.3645379278236796,5.733333333333333,-1.0
450,5.733333333333333,2.2546932742054695,-1.0,3.3648040661864953,5.733333333333333,-1.0
451,5.733333333333333,2.2623893805309736,-1.0,3.3650513654386645,5.733333333333333,-1.0
452,-1.0,2.255187637969095,-1.0,3.364820481185451,5.733333333333333,-1.0
453,5.733333333333333,2.2628487518355365,-1.0,3.3650655691984013,5.733333333333333,-1.0
454,-1.0,2.255677655677656,-1.0,3.3648366801204674,5.733333333333333,-1.0
455,-1.0,2.2485380116959064,-1.0,3.3645935958625444,5.733333333333333,-1.0
456,-1.0,2.2414296134208604,-1.0,3.3643365059010897,5.733333333333333,-1.0
457,5.733333333333333,2.2490538573508005,-1.0,3.3646116672699806,5.733333333333333,-1.0
458,5.733333333333333,2.2566448801742918,-1.0,3.3648684448194213,5.733333333333333,-1.0
459,5.733333333333333,2.2642028985507245,-1.0,3.3651070741757874,5.733333333333333,-1.0
460,-1.0,2.2571221981200287,-1.0,3.3648840178905544,5.733333333333333,-1.0
461,-1.0,2.25007215007215,-1.0,3.3646471082632923,5.733333333333333,-1.0
462,-1.0,2.2430525557955363,-1.0,3.3643965277651184,5.733333333333333,-1.0
463,5.733333333333333,2.250574712643678,-1.0,3.3646644858968586,5.733333333333333,-1.0
464,-1.0,2.243584229390681,-1.0,3.364416020363511,5.733333333333333,-1.0
465,-1.0,2.236623748211731,-1.0,3.364154170635491,5.733333333333333,-1.0
466,-1.0,2.2296930763740184,-1.0,3.363879111978727,5.733333333333333,-1.0
467,5.733333333333333,2.2371794871794872,-1.0,3.3641756070087805,5.733333333333333,-1.0
468,-1.0,2.230277185501066,-1.0,3.363902845486448,5.733333333333333,-1.0
469,-1.0,2.223404255319149,-1.0,3.3636171491326627,5.733333333333333,-1.0
470,5.733333333333333,2.2308563340410474,-1.0,3.3639262771345875,5.733333333333333,-1.0
471,-1.0,2.2240112994350283,-1.0,3.363642949339964,5.733333333333333,-1.0
472,-1.0,2.2171952078928823,-1.0,3.3633469531787052,5.733333333333333,-1.0
473,5.733333333333333,2.2246132208157525,-1.0,3.3636684234576877,5.733333333333333,-1.0
474,-1.0,2.217824561403509,-1.0,3.3633748634586174,5.733333333333333,-1.0
475,5.733333333333333,2.225210084033613,-1.0,3.36369357695885,5.733333333333333,-1.0
476,-1.0,2.2184486373165613,-1.0,3.3634024231750828,5.733333333333333,-1.0
477,-1.0,2.211715481171548,-1.0,3.3630989540241156,5.733333333333333,-1.0
478,-1.0,2.205010438413361,-1.0,3.362783327589121,5.733333333333333,-1.0
479,5.733333333333333,2.2123611111111114,-1.0,3.3631286386293846,5.733333333333333,-1.0
480,-1.0,2.2056826056826058,-1.0,3.362815572783248,5.733333333333333,-1.0
481,5.733333333333333,2.213001383125864,-1.0,3.363157954226767,5.733333333333333,-1.0
482,-1.0,2.206349206349206,-1.0,3.3628474179423904,5.733333333333333,-1.0
483,5.733333333333333,2.213636363636364,-1.0,3.363186906908223,5.733333333333333,-1.0
484,-1.0,2.207010309278351,-1.0,3.3628788696576537,5.733333333333333,-1.0
485,5.733333333333333,2.2142661179698213,-1.0,3.363215502640493,5.733333333333333,-1.0
486,5.733333333333333,2.2214921286789866,-1.0,3.363535163777021,5.733333333333333,-1.0
487,-1.0,2.2148907103825137,-1.0,3.363243747268175,5.733333333333333,-1.0
488,5.733333333333333,2.2220858895705518,-1.0,3.3635607387616373,5.733333333333333,-1.0
489,-1.0,2.2155102040816326,-1.0,3.3632716465167105,5.733333333333333,-1.0
490,-1.0,2.2089613034623214,-1.0,3.3629709280427966,5.733333333333333,-1.0
491,-1.0,2.2024390243902436,-1.0,3.3626587287378378,5.733333333333333,-1.0
492,5.733333333333333,2.209601081812035,-1.0,3.3630008692384714,5.733333333333333,-1.0
493,-1.0,2.2031039136302293,-1.0,3.3626911351272786,5.733333333333333,-1.0
494,5.733333333333333,2.2102356902356903,-1.0,3.3630304479824877,5.733333333333333,-1.0
495,-1.0,2.203763440860215,-1.0,3.3627231499881605,5.733333333333333,-1.0
496,-1.0,2.1973172367538565,-1.0,3.362404677464129,5.733333333333333,-1.0
497,5.733333333333333,2.2044176706827314,-1.0,3.3627547796035695,5.733333333333333,-1.0
498,-1.0,2.1979959919839684,-1.0,3.362438794676645,5.733333333333333,-1.0
499,-1.0,2.1916,-1.0,3.36211185219449,5.733333333333333,-1.0
500,5.733333333333333,2.1986693280106455,-1.0,3.3624725037758956,5.733333333333333,-1.0
501,5.733333333333333,2.205710491367862,-1.0,3.3628169076055308,5.733333333333333,-1.0
502,5.733333333333333,2.21272365805169,-1.0,3.3631452532626382,5.733333333333333,-1.0
503,-1.0,2.2063492063492065,-1.0,3.3628474179423904,5.733333333333333,-1.0
504,5.733333333333333,2.2133333333333334,-1.0,3.363173104871846,5.733333333333333,-1.0
505,-1.0,2.2069828722002636,-1.0,3.3628775669401425,5.733333333333333,-1.0
506,5.733333333333333,2.213938198553583,-1.0,3.3632006273001727,5.733333333333333,-1.0
507,-1.0,2.2076115485564305,-1.0,3.362907360283269,5.733333333333333,-1.0
508,-1.0,2.2013097576948266,-1.0,3.362603386826898,5.733333333333333,-1.0
509,-1.0,2.195032679738562,-1.0,3.3622888363398538,5.733333333333333,-1.0
510,5.733333333333333,2.2019569471624267,-1.0,3.3626351501085097,5.733333333333333,-1.0
511,-1.0,2.1957031249999996,-1.0,3.3623229933879397,5.733333333333333,-1.0
512,5.733333333333333,2.2025990903183885,-1.0,3.3626665423195994,5.733333333333333,-1.0
513,5.733333333333333,2.2094682230869,-1.0,3.3629946615747914,5.733333333333333,-1.0
514,5.733333333333333,2.2163106796116505,-1.0,3.363307527063375,5.733333333333333,-1.0
515,5.733333333333333,2.22312661498708,-1.0,3.363605312459871,5.733333333333333,-1.0
516,-1.0,2.2168923275306254,-1.0,3.3633334791216893,5.733333333333333,-1.0
517,-1.0,2.2106821106821104,-1.0,3.363051183484835,5.733333333333333,-1.0
518,5.733333333333333,2.217469492614001,-1.0,3.363359131537865,5.733333333333333,-1.0
519,-1.0,2.2112820512820517,-1.0,3.3630789562164933,5.733333333333333,-1.0
520,-1.0,2.2051183621241206,-1.0,3.362788513978224,5.733333333333333,-1.0
521,-1.0,2.1989782886334615,-1.0,3.3624879259734213,5.733333333333333,-1.0
522,-1.0,2.1928616953473554,-1.0,3.3621773118604463,5.733333333333333,-1.0
523,5.733333333333333,2.199618320610687,-1.0,3.3625197835142036,5.733333333333333,-1.0
524,-1.0,2.193523809523809,-1.0,3.362211473935697,5.733333333333333,-1.0
525,-1.0,2.1874524714828896,-1.0,3.361893323216707,5.733333333333333,-1.0
526,-1.0,2.181404174573055,-1.0,3.3615654468517655,5.733333333333333,-1.0
527,5.733333333333333,2.188131313131313,-1.0,3.361929441850684,5.733333333333333,-1.0
528,-1.0,2.182104599873976,-1.0,3.3616039754774287,5.733333333333333,-1.0
529,5.733333333333333,2.188805031446541,-1.0,3.361965151984962,5.733333333333333,-1.0
530,5.733333333333333,2.1954802259887005,-1.0,3.3623116522672984,5.733333333333333,-1.0
531,-1.0,2.189473684210526,-1.0,3.3620004597579607,5.733333333333333,-1.0
532,5.733333333333333,2.1961225766103816,-1.0,3.362344294951265,5.733333333333333,-1.0
533,-1.0,2.1901373283395755,-1.0,3.362035371193207,5.733333333333333,-1.0
534,-1.0,2.1841744548286606,-1.0,3.361716977537359,5.733333333333333,-1.0
535,-1.0,2.178233830845771,-1.0,3.3613892233463445,5.733333333333333,-1.0
536,-1.0,2.1723153320918684,-1.0,3.361052216671654,5.733333333333333,-1.0
537,5.733333333333333,2.178934324659232,-1.0,3.361428418427031,5.733333333333333,-1.0
538,5.733333333333333,2.1855287569573285,-1.0,3.3617902227995393,5.733333333333333,-1.0
539,5.733333333333333,2.1920987654320983,-1.0,3.362137786037777,5.733333333333333,-1.0
540,-1.0,2.1861983980283424,-1.0,3.361826237100771,5.733333333333333,-1.0
541,-1.0,2.1803198031980315,-1.0,3.3615055095774937,5.733333333333333,-1.0
542,-1.0,2.1744628606507055,-1.0,3.3611757082005433,5.733333333333333,-1.0
543,-1.0,2.168627450980392,-1.0,3.3608369364631203,5.733333333333333,-1.0
544,5.733333333333333,2.1751681957186544,-1.0,3.3612159674839432,5.733333333333333,-1.0
545,-1.0,2.169352869352869,-1.0,3.360879603591009,5.733333333333333,-1.0
546,5.733333333333333,2.1758683729433272,-1.0,3.361255785499923,5.733333333333333,-1.0
547,-1.0,2.17007299270073,-1.0,3.3609218038807476,5.733333333333333,-1.0
548,-1.0,2.1642987249544627,-1.0,3.3605790662639694,5.733333333333333,-1.0
549,-1.0,2.1585454545454548,-1.0,3.3602276716778645,5.733333333333333,-1.0
550,-1.0,2.1528130671506354,-1.0,3.35986771799404,5.733333333333333,-1.0
551,-1.0,2.1471014492753624,-1.0,3.3594993019431265,5.733333333333333,-1.0
552,5.733333333333333,2.1535864978902954,-1.0,3.359916857024691,5.733333333333333,-1.0
553,5.733333333333333,2.160048134777377,-1.0,3.3603204053667795,5.733333333333333,-1.0
554,5.733333333333333,2.1664864864864866,-1.0,3.3607100945942174,5.733333333333333,-1.0
555,5.733333333333333,2.172901678657074,-1.0,3.3610860705828536,5.733333333333333,-1.0
556,-1.0,2.1672052663076,-1.0,3.360752831466671,5.733333333333333,-1.0
557,-1.0,2.1615292712066903,-1.0,3.3604111494619735,5.733333333333333,-1.0
558,-1.0,2.1558735837805605,-1.0,3.36006111858874,5.733333333333333,-1.0
559,5.733333333333333,2.162261904761905,-1.0,3.3604557931559076,5.733333333333333,-1.0
560,-1.0,2.1566250742721333,-1.0,3.360108178899723,5.733333333333333,-1.0
561,5.733333333333333,2.1629893238434166,-1.0,3.360499960491728,5.733333333333333,-1.0
562,-1.0,2.157371225577265,-1.0,3.3601547379225916,5.733333333333333,-1.0
563,5.733333333333333,2.1637115839243504,-1.0,3.360543658224589,5.733333333333333,-1.0
564,5.733333333333333,2.1700294985250737,-1.0,3.3609192594511548,5.733333333333333,-1.0
565,-1.0,2.1644287396937574,-1.0,3.360586892990292,5.733333333333333,-1.0
566,-1.0,2.158847736625514,-1.0,3.3602463803657305,5.733333333333333,-1.0
567,5.733333333333333,2.165140845070423,-1.0,3.3606296713078048,5.733333333333333,-1.0
568,-1.0,2.159578207381371,-1.0,3.360291477606561,5.733333333333333,-1.0
569,-1.0,2.1540350877192984,-1.0,3.359945275756555,5.733333333333333,-1.0
570,-1.0,2.1485113835376537,-1.0,3.359591153233879,5.733333333333333,-1.0
571,5.733333333333333,2.1547785547785545,-1.0,3.3599922429203515,5.733333333333333,-1.0
572,5.733333333333333,2.161023851076207,-1.0,3.360380257774479,5.733333333333333,-1.0
573,5.733333333333333,2.167247386759582,-1.0,3.3607553310596394,5.733333333333333,-1.0
574,-1.0,2.161739130434783,-1.0,3.3604239538097533,5.733333333333333,-1.0
575,-1.0,2.15625,-1.0,3.360084711853755,5.733333333333333,-1.0
576,5.733333333333333,2.1624494511842864,-1.0,3.3604671956954246,5.733333333333333,-1.0
577,5.733333333333333,2.168627450980392,-1.0,3.36083693646312,5.733333333333333,-1.0
578,-1.0,2.163154864709269,-1.0,3.360509989705208,5.733333333333333,-1.0
579,-1.0,2.1577011494252876,-1.0,3.3601752717750437,5.733333333333333,-1.0
580,-1.0,2.1522662076878945,-1.0,3.3598328660268413,5.733333333333333,-1.0
581,-1.0,2.1468499427262313,-1.0,3.359482854893077,5.733333333333333,-1.0
582,5.733333333333333,2.153001715265866,-1.0,3.359879720017867,5.733333333333333,-1.0
583,-1.0,2.1476027397260276,-1.0,3.359532026987954,5.733333333333333,-1.0
584,-1.0,2.1422222222222222,-1.0,3.3591768539037163,5.733333333333333,-1.0
585,-1.0,2.1368600682593857,-1.0,3.358814280631324,5.733333333333333,-1.0
586,-1.0,2.1315161839863714,-1.0,3.358444386161496,5.733333333333333,-1.0
587,-1.0,2.126190476190476,-1.0,3.3580672486206264,5.733333333333333,-1.0
588,5.733333333333333,2.1323146576117713,-1.0,3.3585001980491795,5.733333333333333,-1.0
589,-1.0,2.127005649717514,-1.0,3.3581255249617077,5.733333333333333,-1.0
590,5.733333333333333,2.1331077270163563,-1.0,3.358555443364583,5.733333333333333,-1.0
591,5.733333333333333,2.1391891891891888,-1.0,3.358972825386494,5.733333333333333,-1.0
592,-1.0,2.1338954468802696,-1.0,3.3586101297536155,5.733333333333333,-1.0
593,5.733333333333333,2.1399551066217732,-1.0,3.3590246073803116,5.733333333333333,-1.0
594,-1.0,2.134677871148459,-1.0,3.3586642647335943,5.733333333333333,-1.0
595,5.733333333333333,2.1407158836689035,-1.0,3.3590758681677824,5.733333333333333,-1.0
596,-1.0,2.1354550530429925,-1.0,3.358717855695828,5.733333333333333,-1.0
597,-1.0,2.130211817168339,-1.0,3.3583528028772034,5.733333333333333,-1.0
598,-1.0,2.1249860879243183,-1.0,3.3579807834922475,5.733333333333333,-1.0
599,-1.0,2.1197777777777778,-1.0,3.357601870530164,5.733333333333333,-1.0
600,-1.0,2.1145867997781473,-1.0,3.357216136198846,5.733333333333333,-1.0
601,5.733333333333333,2.120598006644518,-1.0,3.3576620823125354,5.733333333333333,-1.0
602,-1.0,2.1154228855721393,-1.0,3.357278809825864,5.733333333333333,-1.0
603,5.733333333333333,2.121412803532009,-1.0,3.357721695891721,5.733333333333333,-1.0
604,-1.0,2.116253443526171,-1.0,3.357340861771535,5.733333333333333,-1.0
605,5.733333333333333,2.1222222222222222,-1.0,3.357780719169239,5.733333333333333,-1.0
606,5.733333333333333,2.128171334431631,-1.0,3.358208513619508,5.733333333333333,-1.0
607,5.733333333333333,2.1341008771929824,-1.0,3.3586243609565694,5.733333333333333,-1.0
608,5.733333333333333,2.140010946907499,-1.0,3.3590283757576236,5.733333333333333,-1.0
609,-1.0,2.1348633879781422,-1.0,3.3586770735564464,5.733333333333333,-1.0
610,-1.0,2.129732678668849,-1.0,3.358319033352236,5.733333333333333,-1.0
611,-1.0,2.124618736383442,-1.0,3.357954324270962,5.733333333333333,-1.0
612,-1.0,2.119521479064709,-1.0,3.357583014713059,5.733333333333333,-1.0
613,5.733333333333333,2.1254071661237783,-1.0,3.3580110627933077,5.733333333333333,-1.0
614,5.733333333333333,2.1312737127371273,-1.0,3.3584274000914136,5.733333333333333,-1.0
615,5.733333333333333,2.137121212121212,-1.0,3.358832137624917,5.733333333333333,-1.0
616,5.733333333333333,2.142949756888169,-1.0,3.359225385222552,5.733333333333333,-1.0
617,5.733333333333333,2.148759439050701,-1.0,3.3596072515395563,5.733333333333333,-1.0
618,-1.0,2.1436725901992464,-1.0,3.359273446194115,5.733333333333333,-1.0
619,5.733333333333333,2.149462365591398,-1.0,3.359652770159269,5.733333333333333,-1.0
620,-1.0,2.144390767579173,-1.0,3.359321042878946,5.733333333333333,-1.0
621,-1.0,2.1393354769560555,-1.0,3.3589827291352963,5.733333333333333,-1.0
622,-1.0,2.1342964151952915,-1.0,3.3586378951407627,5.733333333333333,-1.0
623,-1.0,2.1292735042735043,-1.0,3.3582866064249814,5.733333333333333,-1.0
624,-1.0,2.1242666666666667,-1.0,3.357928927842942,5.733333333333333,-1.0
625,-1.0,2.119275825346113,-1.0,3.357564923583035,5.733333333333333,-1.0
626,5.733333333333333,2.1250398724082937,-1.0,3.357984654035939,5.733333333333333,-1.0
627,-1.0,2.120063694267516,-1.0,3.3576228821069747,5.733333333333333,-1.0
628,-1.0,2.1151033386327507,-1.0,3.3572548810647285,5.733333333333333,-1.0
629,5.733333333333333,2.120846560846561,-1.0,3.3576802885353803,5.733333333333333,-1.0
630,-1.0,2.1159006867406234,-1.0,3.3573145321456224,5.733333333333333,-1.0
631,-1.0,2.110970464135021,-1.0,3.3569426412221195,5.733333333333333,-1.0
632,5.733333333333333,2.1166929963138497,-1.0,3.357373617662292,5.733333333333333,-1.0
633,5.733333333333333,2.122397476340694,-1.0,3.35779347296732,5.733333333333333,-1.0
634,-1.0,2.1174803149606296,-1.0,3.35743214474513,5.733333333333333,-1.0
635,-1.0,2.112578616352201,-1.0,3.357064745746176,5.733333333333333,-1.0
636,-1.0,2.1076923076923078,-1.0,3.35669133609843,5.733333333333333,-1.0
637,-1.0,2.10282131661442,-1.0,3.3563119753235475,5.733333333333333,-1.0
638,-1.0,2.0979655712050076,-1.0,3.3559267223439413,5.733333333333333,-1.0
639,-1.0,2.093125,-1.0,3.3555356354897596,5.733333333333333,-1.0
640,-1.0,2.0882995319812796,-1.0,3.355138772505765,5.733333333333333,-1.0
641,5.733333333333333,2.0939771547248185,-1.0,3.355604993815774,5.733333333333333,-1.0
642,5.733333333333333,2.099637117677553,-1.0,3.3560601401660124,5.733333333333333,-1.0
643,5.733333333333333,2.1052795031055904,-1.0,3.356504311805653,5.733333333333333,-1.0
644,-1.0,2.10046511627907,-1.0,3.356125918230078,5.733333333333333,-1.0
645,-1.0,2.0956656346749227,-1.0,3.3557417786688912,5.733333333333333,-1.0
646,5.733333333333333,2.101287995878413,-1.0,3.356191085968602,5.733333333333333,-1.0
647,5.733333333333333,2.1068930041152267,-1.0,3.356629572754351,5.733333333333333,-1.0
648,-1.0,2.102105803800719,-1.0,3.3562556509127948,5.733333333333333,-1.0
649,5.733333333333333,2.1076923076923078,-1.0,3.35669133609843,5.733333333333333,-1.0
650,-1.0,2.1029185867895546,-1.0,3.3563196204779993,5.733333333333333,-1.0
651,-1.0,2.098159509202454,-1.0,3.3559422448598446,5.733333333333333,-1.0
652,5.733333333333333,2.1037263910158246,-1.0,3.3563830019658223,5.733333333333333,-1.0
653,5.733333333333333,2.10927624872579,-1.0,3.356813163879793,5.733333333333333,-1.0
654,-1.0,2.104529262086514,-1.0,3.356445802566225,5.733333333333333,-1.0
655,-1.0,2.0997967479674795,-1.0,3.356072837549557,5.733333333333333,-1.0
656,-1.0,2.09507864028412,-1.0,3.355694322844391,5.733333333333333,-1.0
657,-1.0,2.0903748733535967,-1.0,3.355310311937227,5.733333333333333,-1.0
658,-1.0,2.0856853818917553,-1.0,3.3549208577924285,5.733333333333333,-1.0
659,5.733333333333333,2.091212121212121,-1.0,3.355379149639109,5.733333333333333,-1.0
660,5.733333333333333,2.096722138174483,-1.0,3.35582693176832,5.733333333333333,-1.0
661,5.733333333333333,2.1022155085599192,-1.0,3.3562642967174745,5.733333333333333,-1.0
662,5.733333333333333,2.1076923076923078,-1.0,3.35669133609843,5.733333333333333,-1.0
663,-1.0,2.103012048192771,-1.0,3.3563269636020014,5.733333333333333,-1.0
664,-1.0,2.0983458646616544,-1.0,3.3559571498539476,5.733333333333333,-1.0
665,-1.0,2.0936936936936936,-1.0,3.3555819466183125,5.733333333333333,-1.0
666,5.733333333333333,2.099150424787606,-1.0,3.3560213802619536,5.733333333333333,-1.0
667,5.733333333333333,2.1045908183632736,-1.0,3.3564506095249635,5.733333333333333,-1.0
668,-1.0,2.0999501743896363,-1.0,3.3560850342611825,5.733333333333333,-1.0
669,-1.0,2.0953233830845774,-1.0,3.3557141217480573,5.733333333333333,-1.0
670,-1.0,2.0907103825136613,-1.0,3.3553379224276223,5.733333333333333,-1.0
671,-1.0,2.086111111111111,-1.0,3.3549564862590033,5.733333333333333,-1.0
672,5.733333333333333,2.091530460624071,-1.0,3.3554052680069706,5.733333333333333,-1.0
673,-1.0,2.0869436201780416,-1.0,3.355026000153735,5.733333333333333,-1.0
674,-1.0,2.0823703703703704,-1.0,3.3546415695803704,5.733333333333333,-1.0
675,5.733333333333333,2.0877712031558184,-1.0,3.355094896553228,5.733333333333333,-1.0
676,5.733333333333333,2.0931560807483995,-1.0,3.3555381690326653,5.733333333333333,-1.0
677,-1.0,2.0885939036381513,-1.0,3.355163182753729,5.733333333333333,-1.0
678,-1.0,2.0840451644575353,-1.0,3.354783082545502,5.733333333333333,-1.0
679,5.733333333333333,2.0894117647058823,-1.0,3.355230865943976,5.733333333333333,-1.0
680,5.733333333333333,2.0947626040137055,-1.0,3.3556687299489587,5.733333333333333,-1.0
681,5.733333333333333,2.100097751710655,-1.0,3.3560967593357045,5.733333333333333,-1.0
682,5.733333333333333,2.105417276720351,-1.0,3.3565150380561564,5.733333333333333,-1.0
683,5.733333333333333,2.1107212475633523,-1.0,3.3569236492485905,5.733333333333333,-1.0
684,5.733333333333333,2.116009732360097,-1.0,3.35732267524712,5.733333333333333,-1.0
685,5.733333333333333,2.121282798833819,-1.0,3.3577121975910678,5.733333333333333,-1.0
686,-1.0,2.116739446870451,-1.0,3.3573770758211503,5.733333333333333,-1.0
687,-1.0,2.1122093023255815,-1.0,3.3570367728365786,5.733333333333333,-1.0
688,5.733333333333333,2.117464925012095,-1.0,3.3574310024780516,5.733333333333333,-1.0
689,5.733333333333333,2.1227053140096617,-1.0,3.357815853029199,5.733333333333333,-1.0
690,-1.0,2.1181862035697057,-1.0,3.357484460709173,5.733333333333333,-1.0
691,-1.0,2.113680154142582,-1.0,3.357147936705403,5.733333333333333,-1.0
692,5.733333333333333,2.118903318903319,-1.0,3.357537455926522,5.733333333333333,-1.0
693,-1.0,2.1144092219020174,-1.0,3.357202797866887,5.733333333333333,-1.0
694,5.733333333333333,2.1196163069544363,-1.0,3.3575899934641367,5.733333333333333,-1.0
695,5.733333333333333,2.124808429118774,-1.0,3.357967992309437,5.733333333333333,-1.0
696,5.733333333333333,2.1299856527977044,-1.0,3.3583368714466992,5.733333333333333,-1.0
697,-1.0,2.1255014326647563,-1.0,3.358017834132697,5.733333333333333,-1.0
698,-1.0,2.1210300429184548,-1.0,3.3576937164544987,5.733333333333333,-1.0
699,5.733333333333333,2.126190476190476,-1.0,3.3580672486206264,5.733333333333333,-1.0
700,-1.0,2.1217308606752256,-1.0,3.357744912197436,5.733333333333333,-1.0
701,5.733333333333333,2.1268755935422603,-1.0,3.3581162406465754,5.733333333333333,-1.0
702,-1.0,2.1224276908487436,-1.0,3.357795670843575,5.733333333333333,-1.0
703,5.733333333333333,2.1275568181818185,-1.0,3.3581648150145935,5.733333333333333,-1.0
704,5.733333333333333,2.1326713947990545,-1.0,3.3585250716926387,5.733333333333333,-1.0
705,-1.0,2.1282341831916907,-1.0,3.3582129764606052,5.733333333333333,-1.0
706,-1.0,2.1238095238095243,-1.0,3.357895896630464,5.733333333333333,-1.0
707,5.733333333333333,2.128907721280603,-1.0,3.3582607296535736,5.733333333333333,-1.0
708,5.733333333333333,2.1339915373765868,-1.0,3.3586167880028066,5.733333333333333,-1.0
709,5.733333333333333,2.13906103286385,-1.0,3.358964143885085,5.733333333333333,-1.0
710,-1.0,2.134646038443507,-1.0,3.3586620658416018,5.733333333333333,-1.0
711,-1.0,2.130243445692884,-1.0,3.35835502962817,5.733333333333333,-1.0
712,5.733333333333333,2.135296867695185,-1.0,3.3587069625926493,5.733333333333333,-1.0
713,-1.0,2.130905695611578,-1.0,3.3584015854229836,5.733333333333333,-1.0
714,5.733333333333333,2.135944055944056,-1.0,3.3587514825223055,5.733333333333333,-1.0
715,-1.0,2.131564245810056,-1.0,3.3584477509932773,5.733333333333333,-1.0
716,-1.0,2.1271966527196655,-1.0,3.3581391509085305,5.733333333333333,-1.0
717,5.733333333333333,2.1322191272052,-1.0,3.3584935306897514,5.733333333333333,-1.0
718,-1.0,2.1278627723690313,-1.0,3.3581865857204436,5.733333333333333,-1.0
719,5.733333333333333,2.13287037037037,-1.0,3.3585389288026097,5.733333333333333,-1.0
720,5.733333333333333,2.137864077669903,-1.0,3.358882823159037,5.733333333333333,-1.0
721,-1.0,2.133518005540166,-1.0,3.3585839495625778,5.733333333333333,-1.0
722,5.733333333333333,2.1384970032272936,-1.0,3.3589258772902997,5.733333333333333,-1.0
723,-1.0,2.134162062615101,-1.0,3.358628597141885,5.733333333333333,-1.0
724,-1.0,2.12983908045977,-1.0,3.3583265384497474,5.733333333333333,-1.0
725,5.733333333333333,2.1348025711662073,-1.0,3.358672875655234,5.733333333333333,-1.0
726,5.733333333333333,2.1397524071526823,-1.0,3.359010920386188,5.733333333333333,-1.0
727,5.733333333333333,2.1446886446886446,-1.0,3.3593407392229753,5.733333333333333,-1.0
728,5.733333333333333,2.1496113397347965,-1.0,3.3596623981428473,5.733333333333333,-1.0
729,5.733333333333333,2.1545205479452054,-1.0,3.3599759625264976,5.733333333333333,-1.0
730,5.733333333333333,2.1594163246694027,-1.0,3.360281497164555,5.733333333333333,-1.0
731,-1.0,2.1551001821493623,-1.0,3.360012509957877,5.733333333333333,-1.0
732,5.733333333333333,2.1599818099135972,-1.0,3.360316326543293,5.733333333333333,-1.0
733,-1.0,2.1556766575840145,-1.0,3.3600487586509438,5.733333333333333,-1.0
734,5.733333333333333,2.160544217687075,-1.0,3.360350871630982,5.733333333333333,-1.0
735,-1.0,2.15625,-1.0,3.360084711853755,5.733333333333333,-1.0
736,5.733333333333333,2.1611035730438717,-1.0,3.3603851355141825,5.733333333333333,-1.0
737,-1.0,2.1568202348690155,-1.0,3.3601203727703326,5.733333333333333,-1.0
738,-1.0,2.15254848894903,-1.0,3.35985086728791,5.733333333333333,-1.0
739,-1.0,2.1482882882882883,-1.0,3.3595766590898433,5.733333333333333,-1.0
740,-1.0,2.1440395861448494,-1.0,3.359297787851321,5.733333333333333,-1.0
741,5.733333333333333,2.148876909254268,-1.0,3.3596148687030625,5.733333333333333,-1.0
742,-1.0,2.144638851502916,-1.0,3.3593374486255554,5.733333333333333,-1.0
743,-1.0,2.1404121863799284,-1.0,3.3590554259485836,5.733333333333333,-1.0
744,-1.0,2.1361968680089487,-1.0,3.358768839374201,5.733333333333333,-1.0
745,5.733333333333333,2.1410187667560323,-1.0,3.359096228111122,5.733333333333333,-1.0
746,-1.0,2.136813922356091,-1.0,3.358811123057881,5.733333333333333,-1.0
747,5.733333333333333,2.1416221033868093,-1.0,3.3591367029316657,5.733333333333333,-1.0
748,-1.0,2.137427681352915,-1.0,3.3588530679469693,5.733333333333333,-1.0
749,-1.0,2.1332444444444447,-1.0,3.3585649481016864,5.733333333333333,-1.0
750,5.733333333333333,2.138038171327119,-1.0,3.358894677652638,5.733333333333333,-1.0
751,-1.0,2.1338652482269502,-1.0,3.358608036674852,5.733333333333333,-1.0
752,5.733333333333333,2.138645418326693,-1.0,3.3589359557380556,5.733333333333333,-1.0
753,-1.0,2.1344827586206896,-1.0,3.3586507822768574,5.733333333333333,-1.0
754,5.733333333333333,2.13924944812362,-1.0,3.3589769057191488,5.733333333333333,-1.0
755,5.733333333333333,2.144003527336861,-1.0,3.3592953979708664,5.733333333333333,-1.0
756,-1.0,2.1398502862175253,-1.0,3.3590175310653554,5.733333333333333,-1.0
757,-1.0,2.13570800351803,-1.0,3.3587352590463326,5.733333333333333,-1.0
758,-1.0,2.1315766359244623,-1.0,3.3584486183191897,5.733333333333333,-1.0
759,-1.0,2.127456140350877,-1.0,3.358157644980975,5.733333333333333,-1.0
760,5.733333333333333,2.1321944809461235,-1.0,3.3584918101087986,5.733333333333333,-1.0
761,5.733333333333333,2.1369203849518814,-1.0,3.3588184068929174,5.733333333333333,-1.0
762,-1.0,2.1328090869375274,-1.0,3.3585346621477163,5.733333333333333,-1.0
763,-1.0,2.1287085514834208,-1.0,3.3582466228469405,5.733333333333333,-1.0
764,-1.0,2.1246187363834426,-1.0,3.357954324270962,5.733333333333333,-1.0
765,-1.0,2.120539599651871,-1.0,3.3576578014037017,5.733333333333333,-1.0
766,-1.0,2.1164710995219473,-1.0,3.3573570889355184,5.733333333333333,-1.0
767,5.733333333333333,2.1211805555555556,-1.0,3.3577047240184763,5.733333333333333,-1.0
768,5.733333333333333,2.1258777633289987,-1.0,3.35804484015236,5.733333333333333,-1.0
769,-1.0,2.1218181818181816,-1.0,3.357751280829455,5.733333333333333,-1.0
770,5.733333333333333,2.1265023778642456,-1.0,3.3580895698043065,5.733333333333333,-1.0
771,-1.0,2.1224525043177893,-1.0,3.357797475630816,5.733333333333333,-1.0
772,5.733333333333333,2.127123760241483,-1.0,3.3581339521266598,5.733333333333333,-1.0
773,-1.0,2.123083548664944,-1.0,3.3578433121676485,5.733333333333333,-1.0
774,-1.0,2.1190537634408604,-1.0,3.3575485543176486,5.733333333333333,-1.0
775,5.733333333333333,2.1237113402061856,-1.0,3.357888794136716,5.733333333333333,-1.0
776,-1.0,2.1196911196911197,-1.0,3.3575954973225373,5.733333333333333,-1.0
777,-1.0,2.115681233933162,-1.0,3.3572981334698326,5.733333333333333,-1.0
778,5.733333333333333,2.1203252032520323,-1.0,3.357642078579428,5.733333333333333,-1.0
779,-1.0,2.1163247863247863,-1.0,3.357346182238486,5.733333333333333,-1.0
780,5.733333333333333,2.1209560392658986,-1.0,3.357688301797349,5.733333333333333,-1.0
781,-1.0,2.1169650468883208,-1.0,3.357393862138387,5.733333333333333,-1.0
782,5.733333333333333,2.1215836526181353,-1.0,3.3577341706378916,5.733333333333333,-1.0
783,5.733333333333333,2.126190476190476,-1.0,3.3580672486206264,5.733333333333333,-1.0
784,5.733333333333333,2.1307855626326964,-1.0,3.358393149886439,5.733333333333333,-1.0
785,-1.0,2.1268023748939777,-1.0,3.3581110115624275,5.733333333333333,-1.0
786,5.733333333333333,2.13138500635324,-1.0,3.3584351988336185,5.733333333333333,-1.0
787,-1.0,2.1274111675126903,-1.0,3.3581544411430846,5.733333333333333,-1.0
788,-1.0,2.123447401774398,-1.0,3.3578696868147975,5.733333333333333,-1.0
789,5.733333333333333,2.1280168776371307,-1.0,3.358197540741253,5.733333333333333,-1.0
790,5.733333333333333,2.132574799831437,-1.0,3.3585183403289673,5.733333333333333,-1.0
791,5.733333333333333,2.137121212121212,-1.0,3.3588321376249164,5.733333333333333,-1.0
792,-1.0,2.1331651954602773,-1.0,3.3585594393115774,5.733333333333333,-1.0
793,-1.0,2.129219143576826,-1.0,3.3582827632918204,5.733333333333333,-1.0
794,-1.0,2.1252830188679246,-1.0,3.358002141008819,5.733333333333333,-1.0
795,5.733333333333333,2.129815745393635,-1.0,3.358324892790536,5.733333333333333,-1.0
796,-1.0,2.1258887494772063,-1.0,3.3580456278970288,5.733333333333333,-1.0
797,5.733333333333333,2.130409356725146,-1.0,3.3583667054006536,5.733333333333333,-1.0
798,-1.0,2.126491447642887,-1.0,3.3580887880774273,5.733333333333333,-1.0
799,5.733333333333333,2.131,-1.0,3.3584082042936156,5.733333333333333,-1.0
800,5.733333333333333,2.135497295047857,-1.0,3.3587207633368106,5.733333333333333,-1.0
801,5.733333333333333,2.139983374896093,-1.0,3.3590265151791376,5.733333333333333,-1.0
802,-1.0,2.13607305936073,-1.0,3.358760341660905,5.733333333333333,-1.0
803,5.733333333333333,2.140547263681592,-1.0,3.359064521565211,5.733333333333333,-1.0
804,-1.0,2.1366459627329193,-1.0,3.3587996248967085,5.733333333333333,-1.0
805,-1.0,2.132754342431762,-1.0,3.3585308497936226,5.733333333333333,-1.0
806,5.733333333333333,2.137216026435357,-1.0,3.3588386159715813,5.733333333333333,-1.0
807,5.733333333333333,2.1416666666666666,-1.0,3.359139688141064,5.733333333333333,-1.0
808,5.733333333333333,2.14610630407911,-1.0,3.3594341146835562,5.733333333333333,-1.0
809,5.733333333333333,2.150534979423868,-1.0,3.3597219435861096,5.733333333333333,-1.0
810,-1.0,2.146650226058364,-1.0,3.3594697811271494,5.733333333333333,-1.0
811,-1.0,2.142775041050903,-1.0,3.3592137449741974,5.733333333333333,-1.0
812,-1.0,2.138909389093891,-1.0,3.3589538649640724,5.733333333333333,-1.0
813,5.733333333333333,2.1433251433251432,-1.0,3.3592503640538514,5.733333333333333,-1.0
814,-1.0,2.1394683026584866,-1.0,3.3589917159523406,5.733333333333333,-1.0
815,5.733333333333333,2.1438725490196076,-1.0,3.3592867138108815,5.733333333333333,-1.0
816,5.733333333333333,2.148266013871889,-1.0,3.3595752111395365,5.733333333333333,-1.0
817,5.733333333333333,2.152648736756316,-1.0,3.3598572544263443,5.733333333333333,-1.0
818,-1.0,2.148799348799349,-1.0,3.359609839884647,5.733333333333333,-1.0
819,-1.0,2.144959349593496,-1.0,3.359358615867121,5.733333333333333,-1.0
820,-1.0,2.141128704831506,-1.0,3.359103611414165,5.733333333333333,-1.0
821,5.733333333333333,2.145498783454988,-1.0,3.3593941733413946,5.733333333333333,-1.0
822,5.733333333333333,2.149858242203321,-1.0,3.359678340485316,5.733333333333333,-1.0
823,-1.0,2.1460355987055015,-1.0,3.3594294718441047,5.733333333333333,-1.0
824,5.733333333333333,2.1503838383838385,-1.0,3.35971221723445,5.733333333333333,-1.0
825,5.733333333333333,2.154721549636804,-1.0,3.3599886475718397,5.733333333333333,-1.0
826,5.733333333333333,2.159048770656993,-1.0,3.3602588075475612,5.733333333333333,-1.0
827,-1.0,2.1552334943639293,-1.0,3.360020901437139,5.733333333333333,-1.0
828,-1.0,2.151427422597507,-1.0,3.3597792356428693,5.733333333333333,-1.0
829,5.733333333333333,2.15574297188755,-1.0,3.3600529221167297,5.733333333333333,-1.0
830,-1.0,2.1519454472523063,-1.0,3.359812382020409,5.733333333333333,-1.0
831,5.733333333333333,2.15625,-1.0,3.360084711853755,5.733333333333333,-1.0
832,5.733333333333333,2.160544217687075,-1.0,3.360350871630982,5.733333333333333,-1.0
833,5.733333333333333,2.1648281374900082,-1.0,3.3606109046696027,5.733333333333333,-1.0
834,-1.0,2.161037924151697,-1.0,3.360381118964954,5.733333333333333,-1.0
835,-1.0,2.15725677830941,-1.0,3.3601476073385,5.733333333333333,-1.0
836,-1.0,2.1534846674631622,-1.0,3.3599103975642035,5.733333333333333,-1.0
837,5.733333333333333,2.1577565632458233,-1.0,3.3601787174394664,5.733333333333333,-1.0
838,5.733333333333333,2.1620182757250697,-1.0,3.360440965190351,5.733333333333333,-1.0
839,-1.0,2.1582539682539683,-1.0,3.3602096053051187,5.733333333333333,-1.0
840,-1.0,2.1544986127625845,-1.0,3.359974577485222,5.733333333333333,-1.0
841,5.733333333333333,2.158749010292953,-1.0,3.3602402730478236,5.733333333333333,-1.0
842,5.733333333333333,2.1629893238434166,-1.0,3.360499960491728,5.733333333333333,-1.0
843,-1.0,2.1592417061611378,-1.0,3.360270722754898,5.733333333333333,-1.0
844,5.733333333333333,2.163471400394477,-1.0,3.3605291440796967,5.733333333333333,-1.0
845,5.733333333333333,2.16769109535067,-1.0,3.3607816302854188,5.733333333333333,-1.0
846,-1.0,2.1639512003148367,-1.0,3.3605581209296473,5.733333333333333,-1.0
847,5.733333333333333,2.1681603773584905,-1.0,3.3608093813171767,5.733333333333333,-1.0
848,-1.0,2.1644287396937574,-1.0,3.360586892990292,5.733333333333333,-1.0
849,-1.0,2.160705882352941,-1.0,3.360360784167278,5.733333333333333,-1.0
850,5.733333333333333,2.164904034469252,-1.0,3.360615462187427,5.733333333333333,-1.0
851,-1.0,2.161189358372457,-1.0,3.3603903821164307,5.733333333333333,-1.0
852,-1.0,2.1574833919499805,-1.0,3.360161722599561,5.733333333333333,-1.0
853,-1.0,2.1537861046057767,-1.0,3.359929509787532,5.733333333333333,-1.0
854,5.733333333333333,2.157972709551657,-1.0,3.360192148777823,5.733333333333333,-1.0
855,5.733333333333333,2.16214953271028,-1.0,3.3604489560716004,5.733333333333333,-1.0
856,-1.0,2.1584597432905483,-1.0,3.3602223619133738,5.733333333333333,-1.0
857,-1.0,2.1547785547785545,-1.0,3.3599922429203515,5.733333333333333,-1.0
858,-1.0,2.151105937136205,-1.0,3.359758624712308,5.733333333333333,-1.0
859,5.733333333333333,2.1552713178294574,-1.0,3.3600232813083957,5.733333333333333,-1.0
860,-1.0,2.151606658923732,-1.0,3.359790713350171,5.733333333333333,-1.0
861,-1.0,2.147950502706883,-1.0,3.3595546853812577,5.733333333333333,-1.0
862,-1.0,2.1443028196214753,-1.0,3.359315222477895,5.733333333333333,-1.0
863,5.733333333333333,2.148456790123457,-1.0,3.3595876077613216,5.733333333333333,-1.0
864,-1.0,2.1448169556840075,-1.0,3.359349215276875,5.733333333333333,-1.0
865,5.733333333333333,2.148960739030023,-1.0,3.359620301985972,5.733333333333333,-1.0
866,-1.0,2.1453287197231834,-1.0,3.3593829727626003,5.733333333333333,-1.0
867,-1.0,2.141705069124424,-1.0,3.3591422601723324,5.733333333333333,-1.0
868,5.733333333333333,2.1458381281166092,-1.0,3.359416497102777,5.733333333333333,-1.0
869,5.733333333333333,2.149961685823755,-1.0,3.359685014361066,5.733333333333333,-1.0
870,-1.0,2.146345197091466,-1.0,3.3594497904401943,5.733333333333333,-1.0
871,5.733333333333333,2.15045871559633,-1.0,3.359717036647344,5.733333333333333,-1.0
872,5.733333333333333,2.1545628102329135,-1.0,3.3599786306657333,5.733333333333333,-1.0
873,-1.0,2.1509534706331044,-1.0,3.3597488390505372,5.733333333333333,-1.0
874,-1.0,2.147352380952381,-1.0,3.359515692555413,5.733333333333333,-1.0
875,5.733333333333333,2.15144596651446,-1.0,3.359780423579856,5.733333333333333,-1.0
876,-1.0,2.1478525275560623,-1.0,3.3595483054972926,5.733333333333333,-1.0
877,5.733333333333333,2.1519362186788156,-1.0,3.3598117922216093,5.733333333333333,-1.0
878,-1.0,2.14835039817975,-1.0,3.359580695765231,5.733333333333333,-1.0
879,-1.0,2.1447727272727275,-1.0,3.359346294162703,5.733333333333333,-1.0
880,5.733333333333333,2.1488460083238743,-1.0,3.3596128653824917,5.733333333333333,-1.0
881,5.733333333333333,2.152910052910053,-1.0,3.359873889674991,5.733333333333333,-1.0
882,-1.0,2.1493393733484334,-1.0,3.359644816349403,5.733333333333333,-1.0
883,-1.0,2.1457767722473604,-1.0,3.3594124633613944,5.733333333333333,-1.0
884,-1.0,2.1422222222222222,-1.0,3.359176853903716,5.733333333333333,-1.0
885,-1.0,2.138675696012039,-1.0,3.358938011000561,5.733333333333333,-1.0
886,-1.0,2.1351371664787675,-1.0,3.358695957508983,5.733333333333333,-1.0
887,-1.0,2.131606606606607,-1.0,3.3584507161203074,5.733333333333333,-1.0
888,-1.0,2.1280839895013126,-1.0,3.3582023093615216,5.733333333333333,-1.0
889,-1.0,2.1245692883895133,-1.0,3.3579507595966582,5.733333333333333,-1.0
890,5.733333333333333,2.1286195286195286,-1.0,3.358240313692874,5.733333333333333,-1.0
891,5.733333333333333,2.132660687593423,-1.0,3.3585243256826973,5.733333333333333,-1.0
892,-1.0,2.1291526689063085,-1.0,3.3582780625362663,5.733333333333333,-1.0
893,-1.0,2.12565249813572,-1.0,3.3580286798971475,5.733333333333333,-1.0
894,-1.0,2.1221601489757917,-1.0,3.357776199696925,5.733333333333333,-1.0
895,5.733333333333333,2.126190476190476,-1.0,3.358067248620627,5.733333333333333,-1.0
896,-1.0,2.1227053140096617,-1.0,3.3578158530291993,5.733333333333333,-1.0
897,5.733333333333333,2.126726057906459,-1.0,3.3581055594951486,5.733333333333333,-1.0
898,-1.0,2.1232480533926585,-1.0,3.357855241542762,5.733333333333333,-1.0
899,5.733333333333333,2.1272592592592594,-1.0,3.358143614815023,5.733333333333333,-1.0
900,5.733333333333333,2.131261561228265,-1.0,3.3584265483672526,5.733333333333333,-1.0
901,5.733333333333333,2.1352549889135255,-1.0,3.35870407744474,5.733333333333333,-1.0
902,-1.0,2.131782945736434,-1.0,3.3584630535538746,5.733333333333333,-1.0
903,-1.0,2.1283185840707963,-1.0,3.358218967841037,5.733333333333333,-1.0
904,-1.0,2.124861878453039,-1.0,3.357971841579588,5.733333333333333,-1.0
905,-1.0,2.121412803532009,-1.0,3.357721695891721,5.733333333333333,-1.0
906,-1.0,2.1179713340683572,-1.0,3.357468551749705,5.733333333333333,-1.0
907,5.733333333333333,2.1219530102790016,-1.0,3.3577611098501077,5.733333333333333,-1.0
908,-1.0,2.1185185185185187,-1.0,3.357509038113686,5.733333333333333,-1.0
909,-1.0,2.1150915750915753,-1.0,3.3572539995870776,5.733333333333333,-1.0
910,5.733333333333333,2.1190633004024884,-1.0,3.357549257637048,5.733333333333333,-1.0
911,5.733333333333333,2.1230263157894735,-1.0,3.3578391599165207,5.733333333333333,-1.0
912,-1.0,2.11960569550931,-1.0,3.3575892126606597,5.733333333333333,-1.0
913,-1.0,2.1161925601750546,-1.0,3.3573363201236885,5.733333333333333,-1.0
914,-1.0,2.1127868852459017,-1.0,3.357080502613869,5.733333333333333,-1.0
915,-1.0,2.1093886462882097,-1.0,3.356821780296742,5.733333333333333,-1.0
916,-1.0,2.1059978189749184,-1.0,3.356560173196289,5.733333333333333,-1.0
917,-1.0,2.1026143790849674,-1.0,3.3562957011960846,5.733333333333333,-1.0
918,-1.0,2.0992383025027204,-1.0,3.356028384040433,5.733333333333333,-1.0
919,5.733333333333333,2.1031884057971015,-1.0,3.3563408126252012,5.733333333333333,-1.0
920,-1.0,2.0998190372783205,-1.0,3.356074609887907,5.733333333333333,-1.0
921,5.733333333333333,2.1037599421547357,-1.0,3.3563856302056316,5.733333333333333,-1.0
922,5.733333333333333,2.1076923076923078,-1.0,3.35669133609843,5.733333333333333,-1.0
923,-1.0,2.104329004329004,-1.0,3.3564301564852586,5.733333333333333,-1.0
924,-1.0,2.100972972972973,-1.0,3.356166161794712,5.733333333333333,-1.0
925,5.733333333333333,2.104895608351332,-1.0,3.3564743939843953,5.733333333333333,-1.0
926,-1.0,2.101546206400575,-1.0,3.3562114930368647,5.733333333333333,-1.0
927,5.733333333333333,2.1054597701149427,-1.0,3.3565183451961444,5.733333333333333,-1.0
928,-1.0,2.1021169716541084,-1.0,3.3562565312134898,5.733333333333333,-1.0
929,-1.0,2.0987813620071685,-1.0,3.3559919409903136,5.733333333333333,-1.0
930,5.733333333333333,2.1026852846401716,-1.0,3.3563012788466744,5.733333333333333,-1.0
931,-1.0,2.0993562231759655,-1.0,3.3560377785783713,5.733333333333333,-1.0
932,5.733333333333333,2.1032511611289744,-1.0,3.356345738431422,5.733333333333333,-1.0
933,5.733333333333333,2.1071377587437543,-1.0,3.35664850563725,5.733333333333333,-1.0
934,5.733333333333333,2.1110160427807485,-1.0,3.356946112607586,5.733333333333333,-1.0
935,-1.0,2.1076923076923078,-1.0,3.35669133609843,5.733333333333333,-1.0
936,5.733333333333333,2.111561721807186,-1.0,3.3569876245754444,5.733333333333333,-1.0
937,5.733333333333333,2.1154228855721393,-1.0,3.3572788098258646,5.733333333333333,-1.0
938,5.733333333333333,2.119275825346113,-1.0,3.357564923583035,5.733333333333333,-1.0
939,5.733333333333333,2.1231205673758864,-1.0,3.3578459973567414,5.733333333333333,-1.0
940,-1.0,2.1198016294721924,-1.0,3.3576036242915,5.733333333333333,-1.0
941,-1.0,2.116489738145789,-1.0,3.3573584778632597,5.733333333333333,-1.0
942,5.733333333333333,2.1203252032520323,-1.0,3.357642078579428,5.733333333333333,-1.0
943,5.733333333333333,2.1241525423728813,-1.0,3.357920687562835,5.733333333333333,-1.0
944,5.733333333333333,2.127971781305115,-1.0,3.3581943356730686,5.733333333333333,-1.0
945,-1.0,2.1246652572233966,-1.0,3.3579576772603783,5.733333333333333,-1.0
946,-1.0,2.1213657162970785,-1.0,3.3577182562258288,5.733333333333333,-1.0
947,5.733333333333333,2.1251758087201122,-1.0,3.357994432689352,5.733333333333333,-1.0
948,5.733333333333333,2.1289778714436247,-1.0,3.358265695425224,5.733333333333333,-1.0
949,-1.0,2.1256842105263156,-1.0,3.358030955824709,5.733333333333333,-1.0
950,-1.0,2.122397476340694,-1.0,3.3577934729673204,5.733333333333333,-1.0
951,-1.0,2.1191176470588236,-1.0,3.3575532650034963,5.733333333333333,-1.0
952,-1.0,2.115844700944386,-1.0,3.35731034996106,5.733333333333333,-1.0
953,5.733333333333333,2.1196366177498254,-1.0,3.3575914878639694,5.733333333333333,-1.0
954,-1.0,2.116369982547993,-1.0,3.357349552007304,5.733333333333333,-1.0
955,-1.0,2.113110181311018,-1.0,3.3571049362774668,5.733333333333333,-1.0
956,-1.0,2.1098571926158134,-1.0,3.3568576583588063,5.733333333333333,-1.0
957,-1.0,2.10661099512874,-1.0,3.3566077358168322,5.733333333333333,-1.0
958,5.733333333333333,2.1103927702467846,-1.0,3.3568985886467013,5.733333333333333,-1.0
959,5.733333333333333,2.1141666666666667,-1.0,3.357184563655154,5.733333333333333,-1.0
960,5.733333333333333,2.1179327089836977,-1.0,3.3574656904784317,5.733333333333333,-1.0
961,-1.0,2.114691614691615,-1.0,3.3572240046840207,5.733333333333333,-1.0
962,-1.0,2.111457251644168,-1.0,3.3569796840207893,5.733333333333333,-1.0
963,5.733333333333333,2.1152143845089904,-1.0,3.3572632000250056,5.733333333333333,-1.0
964,-1.0,2.111986183074266,-1.0,3.3570198533403977,5.733333333333333,-1.0
965,5.733333333333333,2.115734989648033,-1.0,3.3573021517154307,5.733333333333333,-1.0
966,-1.0,2.1125129265770424,-1.0,3.3570597732007847,5.733333333333333,-1.0
967,5.733333333333333,2.116253443526171,-1.0,3.3573408617715352,5.733333333333333,-1.0
968,5.733333333333333,2.119986240110079,-1.0,3.3576171925337626,5.733333333333333,-1.0
969,5.733333333333333,2.1237113402061856,-1.0,3.3578887941367155,5.733333333333333,-1.0
970,-1.0,2.120494335736354,-1.0,3.3576544831070363,5.733333333333333,-1.0
971,5.733333333333333,2.124211248285323,-1.0,3.3579249268770095,5.733333333333333,-1.0
972,5.733333333333333,2.1279205207262764,-1.0,3.35819069176291,5.733333333333333,-1.0
973,5.733333333333333,2.1316221765913754,-1.0,3.3584518058369826,5.733333333333333,-1.0
974,5.733333333333333,2.1353162393162393,-1.0,3.3587082969810313,5.733333333333333,-1.0
975,5.733333333333333,2.1390027322404377,-1.0,3.3589601928879733,5.733333333333333,-1.0
976,5.733333333333333,2.1426816786079836,-1.0,3.3592075210633827,5.733333333333333,-1.0
977,5.733333333333333,2.146353101567825,-1.0,3.3594503088270087,5.733333333333333,-1.0
978,-1.0,2.1431392577459993,-1.0,3.3592380001877893,5.733333333333333,-1.0
979,-1.0,2.1399319727891157,-1.0,3.3590230459222363,5.733333333333333,-1.0
980,5.733333333333333,2.143594971117907,-1.0,3.3592682928116124,5.733333333333333,-1.0
981,-1.0,2.1403937542430413,-1.0,3.3590541843721087,5.733333333333333,-1.0
982,-1.0,2.137199050525602,-1.0,3.358837456261761,5.733333333333333,-1.0
983,-1.0,2.134010840108401,-1.0,3.3586181251837686,5.733333333333333,-1.0
984,5.733333333333333,2.1376649746192893,-1.0,3.358869254598024,5.733333333333333,-1.0
985,5.733333333333333,2.1413116970926303,-1.0,3.359115892929675,5.733333333333333,-1.0
986,5.733333333333333,2.144951030057413,-1.0,3.359358066793029,5.733333333333333,-1.0
987,-1.0,2.1417678812415653,-1.0,3.359146466106942,5.733333333333333,-1.0
988,5.733333333333333,2.145399393326593,-1.0,3.3593876284515147,5.733333333333333,-1.0
989,5.733333333333333,2.149023569023569,-1.0,3.359624372826933,5.733333333333333,-1.0
990,5.733333333333333,2.15264043054154,-1.0,3.3598567253224587,5.733333333333333,-1.0
991,-1.0,2.149462365591398,-1.0,3.359652770159269,5.733333333333333,-1.0
992,5.733333333333333,2.1530715005035246,-1.0,3.3598841571453297,5.733333333333333,-1.0
993,5.733333333333333,2.156673373574782,-1.0,3.360111197758323,5.733333333333333,-1.0
994,5.733333333333333,2.160268006700167,-1.0,3.360333917575526,5.733333333333333,-1.0
995,5.733333333333333,2.1638554216867467,-1.0,3.3605523420048287,5.733333333333333,-1.0
996,5.733333333333333,2.1674356402540953,-1.0,3.3607664962860837,5.733333333333333,-1.0
997,5.733333333333333,2.171008684034736,-1.0,3.360976405492435,5.733333333333333,-1.0
998,-1.0,2.1678345011678344,-1.0,3.360790117577635,5.733333333333333,-1.0
999,-1.0,2.1646666666666663,-1.0,3.360601202827322,5.733333333333333,-1.0
